var MatrixFull = {
    "E0T0": {
        "B": [
            [
                0.016277061418528308
            ],
            [
                -0.0018725210512849084
            ],
            [
                -0.01975935078836685
            ],
            [
                -0.23709188073078138
            ],
            [
                0.8033127577915431
            ],
            [
                -0.1540332882488095
            ],
            [
                0.085516716302378
            ],
            [
                0.17990968692409245
            ],
            [
                0.4588319761593475
            ],
            [
                -0.16318055040066068
            ],
            [
                0.09925937909357209
            ],
            [
                0.4801043856280512
            ],
            [
                0.13803902286524594
            ],
            [
                -0.10007041439860927
            ],
            [
                -0.09420271223338597
            ],
            [
                -0.030312184359135352
            ],
            [
                0.39742377083880287
            ],
            [
                0.38619756185824544
            ],
            [
                -0.22503336170957536
            ],
            [
                0.21979547869098248
            ],
            [
                -0.3343992950741823
            ],
            [
                0.23999854956159405
            ],
            [
                0.20316144170707306
            ],
            [
                -2.962608101494351
            ]
        ],
        "V": [
            [
                0.00019253886022496043,
                -0.00023093128233148228,
                5.250576700115913e-05,
                -5.407620951136911e-05,
                -7.724126234038707e-06,
                2.973919146987539e-06,
                -7.249368229505609e-05,
                5.980238380366438e-06,
                -5.177311495124197e-06,
                3.789390306945042e-05,
                -1.9250300288527097e-05,
                2.78876839496253e-05,
                -1.2966304407142625e-05,
                6.882221241629985e-05,
                -9.799222876538248e-06,
                -7.123006704499416e-06,
                6.8410831576781695e-06,
                -1.495167602582397e-05,
                -2.8146404641654664e-05,
                1.4393153981239566e-05,
                -2.579074698776904e-05,
                -1.1803074724136205e-05,
                -1.196430475935425e-05,
                -0.008179333645344589
            ],
            [
                -0.00023093128233148228,
                0.0003063678503074363,
                -0.00010996953993193842,
                7.459399045244609e-05,
                -1.0201455973815284e-05,
                1.5991270432603885e-05,
                2.8136572867052247e-05,
                -2.9825308243489916e-05,
                1.6566481517732425e-05,
                -7.571429609536962e-05,
                1.1709086744243508e-05,
                -2.464920875524802e-05,
                1.4886430728460053e-05,
                -7.866059738020851e-05,
                -2.1138281674568164e-05,
                2.1907344997138054e-05,
                -2.7658481873037632e-06,
                2.146331863074716e-06,
                3.267890036255072e-05,
                -4.3680039262255057e-05,
                3.308374404681981e-05,
                1.623107338382203e-05,
                1.0190659036554911e-05,
                0.009482649670054253
            ],
            [
                5.250576700115913e-05,
                -0.00010996953993193842,
                0.0001482078556170604,
                -0.00010285239662265929,
                2.1165022926251153e-05,
                3.2600581822748515e-05,
                2.7524558366331235e-05,
                2.035453508658641e-05,
                -4.104853347936491e-05,
                -2.9058852325170784e-05,
                -4.212211633605566e-05,
                -0.00016662547451146788,
                -3.302472787522436e-06,
                5.259264031657596e-05,
                4.2243265491568144e-05,
                -8.343699111725045e-06,
                7.90099151074841e-05,
                -8.934552352189889e-06,
                -8.380073300936694e-05,
                7.13903076074775e-05,
                0.0001803600264392897,
                -0.00011577064610970762,
                1.1817053436347373e-05,
                -0.0017488200667518205
            ],
            [
                -5.407620951136911e-05,
                7.459399045244609e-05,
                -0.00010285239662265929,
                0.00409083381301171,
                0.0005356534858810521,
                -0.0004430406780755078,
                0.0003818630272511475,
                0.0006688926664714917,
                0.00011133421214052925,
                0.00023785362087171052,
                -0.00040473403827118425,
                0.0002960715191872011,
                3.5349506756174204e-05,
                -0.0013696529141499721,
                0.0002753678991459209,
                -5.105376218199938e-05,
                -0.00011332676251658777,
                0.0001208001309489372,
                -5.8105611114790174e-05,
                -0.00031394674445103685,
                0.000589735155052582,
                0.00010354146376030704,
                0.0006670013590950331,
                0.000579008463612158
            ],
            [
                -7.724126234038707e-06,
                -1.0201455973815284e-05,
                2.1165022926251153e-05,
                0.0005356534858810521,
                0.028645211941895548,
                0.0008527604835563008,
                0.00024053776711301453,
                0.00015355750216044834,
                0.001100273548836677,
                -0.0002592030323533956,
                0.00032530329657402287,
                0.00042276920848451213,
                -0.00018073394135991147,
                0.00030975089699309956,
                0.0004104915377889072,
                -7.791255115918593e-05,
                -0.00018724728792334373,
                2.28245459827144e-05,
                -0.011250792039817898,
                0.001737170258014517,
                0.00103552013092702,
                -0.0001204433664415459,
                -0.0004947909698588497,
                -3.725066466313167e-05
            ],
            [
                2.973919146987539e-06,
                1.5991270432603885e-05,
                3.2600581822748515e-05,
                -0.0004430406780755078,
                0.0008527604835563008,
                0.005278144001842205,
                -0.0003770289695898451,
                -0.0001874851660057894,
                -0.0003782281488427578,
                -9.641445885668448e-05,
                0.0002986960844035502,
                0.00034879298903666203,
                -0.00011789772458080776,
                4.728577501565131e-05,
                -9.01036222659304e-05,
                -0.0002910073735405631,
                0.000280046099410163,
                -0.0007855372705497248,
                -0.0005919380107355047,
                -0.0002943655710902663,
                0.0008051925061722201,
                -0.0003519303364767398,
                1.3704460422587488e-05,
                -0.0010022800739796277
            ],
            [
                -7.249368229505609e-05,
                2.8136572867052247e-05,
                2.7524558366331235e-05,
                0.0003818630272511475,
                0.00024053776711301453,
                -0.0003770289695898451,
                0.00518710297524219,
                -0.0002828756079670731,
                -0.00038641708554101276,
                -0.0002773179644519205,
                -0.00039172934133697795,
                -0.000272267263733822,
                -0.0003560778111908773,
                -0.0002988033407502177,
                -0.0001710108368974112,
                -0.0012146103833687747,
                -0.00035145207896410856,
                0.00014088105776008256,
                -5.788651036926124e-05,
                8.943406332010611e-05,
                -0.0004096214022544543,
                -0.0006382696810440652,
                5.4277357849700415e-05,
                0.0011438267225552126
            ],
            [
                5.980238380366438e-06,
                -2.9825308243489916e-05,
                2.035453508658641e-05,
                0.0006688926664714917,
                0.00015355750216044834,
                -0.0001874851660057894,
                -0.0002828756079670731,
                0.01664340155311016,
                -0.0019160921068125836,
                -4.406315234241239e-05,
                -0.0008640296417754214,
                -0.0021185198035021877,
                -0.0005142158048693884,
                -0.0009170170040584925,
                -0.0006397916640330741,
                2.9901955306893985e-05,
                -0.0017357682749239108,
                -0.00032935610895224934,
                -5.914172471204787e-06,
                -0.001046783254522059,
                -0.0017222040919664008,
                -4.0190914920628286e-05,
                -0.001051450734624026,
                -0.0002222997778022305
            ],
            [
                -5.177311495124197e-06,
                1.6566481517732425e-05,
                -4.104853347936491e-05,
                0.00011133421214052925,
                0.001100273548836677,
                -0.0003782281488427578,
                -0.00038641708554101276,
                -0.0019160921068125836,
                0.01133283817328728,
                -0.0030763863311997447,
                -0.0007833772735702934,
                -0.0003213248283250333,
                -0.0002709187111928161,
                -0.00013371824478518787,
                -0.0007376481053242218,
                -7.244484263979721e-05,
                0.00091274830110073,
                -0.0003758603903994031,
                -0.0007515753231690032,
                0.0015191949254979387,
                -0.0004824627088494001,
                -9.922600895890394e-06,
                -0.0019344776813893757,
                0.00025701827289000933
            ],
            [
                3.789390306945042e-05,
                -7.571429609536962e-05,
                -2.9058852325170784e-05,
                0.00023785362087171052,
                -0.0002592030323533956,
                -9.641445885668448e-05,
                -0.0002773179644519205,
                -4.406315234241239e-05,
                -0.0030763863311997447,
                0.007929120729028474,
                -0.0019371456564739686,
                -6.667510557613131e-05,
                -0.0007193079078250736,
                -0.0004896197324172889,
                -1.684770221204833e-05,
                -0.00010852389067062385,
                -0.0005668148596458123,
                -0.0006203655243463642,
                0.00016067319370737678,
                -0.00024305054753683217,
                -0.0020688558528066518,
                -0.0008912546361307275,
                -8.81693297686717e-05,
                -0.0014415941939063775
            ],
            [
                -1.9250300288527097e-05,
                1.1709086744243508e-05,
                -4.212211633605566e-05,
                -0.00040473403827118425,
                0.00032530329657402287,
                0.0002986960844035502,
                -0.00039172934133697795,
                -0.0008640296417754214,
                -0.0007833772735702934,
                -0.0019371456564739686,
                0.010078936678492401,
                0.0002696137556081726,
                -0.0005786536231712613,
                -0.00035735788686306344,
                -0.00044898448996740674,
                -0.0003444408419953309,
                -0.004471680919332207,
                0.00040956444069748616,
                -0.0006513013777083006,
                0.000411544738367361,
                0.0019777299620515683,
                -0.00033945012621971316,
                0.0005622504927958786,
                0.0011714166696974717
            ],
            [
                2.78876839496253e-05,
                -2.464920875524802e-05,
                -0.00016662547451146788,
                0.0002960715191872011,
                0.00042276920848451213,
                0.00034879298903666203,
                -0.000272267263733822,
                -0.0021185198035021877,
                -0.0003213248283250333,
                -6.667510557613131e-05,
                0.0002696137556081726,
                0.03070335792289514,
                -0.000533007015005489,
                0.00015207055151779123,
                0.0005830747695101749,
                0.00033806774868356176,
                -0.002574346053115693,
                -0.0009725653892365747,
                -0.0007619394924163128,
                0.0015400190145605417,
                -0.0004987688019248983,
                0.00013212834775623862,
                -0.00046117171107051304,
                -0.0014595658787119733
            ],
            [
                -1.2966304407142625e-05,
                1.4886430728460053e-05,
                -3.302472787522436e-06,
                3.5349506756174204e-05,
                -0.00018073394135991147,
                -0.00011789772458080776,
                -0.0003560778111908773,
                -0.0005142158048693884,
                -0.0002709187111928161,
                -0.0007193079078250736,
                -0.0005786536231712613,
                -0.000533007015005489,
                0.004541580741501641,
                -0.0005232146796347419,
                -0.00018275086747820423,
                0.00021550459189772123,
                0.00017864075138515308,
                -0.0002577920420024086,
                -0.00012166858935513905,
                -0.0007067343919072042,
                4.400559970023013e-05,
                -8.708032017874921e-05,
                -0.00021978731446058877,
                -0.0002738185643538705
            ],
            [
                6.882221241629985e-05,
                -7.866059738020851e-05,
                5.259264031657596e-05,
                -0.0013696529141499721,
                0.00030975089699309956,
                4.728577501565131e-05,
                -0.0002988033407502177,
                -0.0009170170040584925,
                -0.00013371824478518787,
                -0.0004896197324172889,
                -0.00035735788686306344,
                0.00015207055151779123,
                -0.0005232146796347419,
                0.014242725269439416,
                -7.451126387249093e-05,
                -6.623891739678187e-05,
                -0.0001148451758001647,
                -0.00022690135921237545,
                -0.0006146854877724625,
                0.00041220017386305854,
                0.0008475822746440442,
                3.276960970941509e-05,
                -8.398584731944334e-05,
                -0.002881876779358075
            ],
            [
                -9.799222876538248e-06,
                -2.1138281674568164e-05,
                4.2243265491568144e-05,
                0.0002753678991459209,
                0.0004104915377889072,
                -9.01036222659304e-05,
                -0.0001710108368974112,
                -0.0006397916640330741,
                -0.0007376481053242218,
                -1.684770221204833e-05,
                -0.00044898448996740674,
                0.0005830747695101749,
                -0.00018275086747820423,
                -7.451126387249093e-05,
                0.03195592954525497,
                -0.00046924923403898625,
                -0.0005502810275107656,
                0.0006335579962952443,
                -0.0010235015975659156,
                0.0020442004551070193,
                -0.0027241204599759467,
                -0.0006002475443566226,
                0.0003868141844787173,
                0.00040275883961377794
            ],
            [
                -7.123006704499416e-06,
                2.1907344997138054e-05,
                -8.343699111725045e-06,
                -5.105376218199938e-05,
                -7.791255115918593e-05,
                -0.0002910073735405631,
                -0.0012146103833687747,
                2.9901955306893985e-05,
                -7.244484263979721e-05,
                -0.00010852389067062385,
                -0.0003444408419953309,
                0.00033806774868356176,
                0.00021550459189772123,
                -6.623891739678187e-05,
                -0.00046924923403898625,
                0.006280867352445512,
                0.00021872267391999633,
                -0.0042362464266945425,
                1.6534063014268074e-06,
                -0.0005973720720286993,
                0.00043335630119204714,
                0.0004853330159375888,
                -0.0005534716143781233,
                -0.00045565351113966584
            ],
            [
                6.8410831576781695e-06,
                -2.7658481873037632e-06,
                7.90099151074841e-05,
                -0.00011332676251658777,
                -0.00018724728792334373,
                0.000280046099410163,
                -0.00035145207896410856,
                -0.0017357682749239108,
                0.00091274830110073,
                -0.0005668148596458123,
                -0.004471680919332207,
                -0.002574346053115693,
                0.00017864075138515308,
                -0.0001148451758001647,
                -0.0005502810275107656,
                0.00021872267391999633,
                0.05687863303617219,
                -0.0007747735852424985,
                1.478782031663393e-05,
                -0.0009712166648543358,
                -0.002551858826298996,
                -0.0006335062789216253,
                0.0014120733314075206,
                -0.0004454488167189346
            ],
            [
                -1.495167602582397e-05,
                2.146331863074716e-06,
                -8.934552352189889e-06,
                0.0001208001309489372,
                2.28245459827144e-05,
                -0.0007855372705497248,
                0.00014088105776008256,
                -0.00032935610895224934,
                -0.0003758603903994031,
                -0.0006203655243463642,
                0.00040956444069748616,
                -0.0009725653892365747,
                -0.0002577920420024086,
                -0.00022690135921237545,
                0.0006335579962952443,
                -0.0042362464266945425,
                -0.0007747735852424985,
                0.010955361226312615,
                0.00012500839388478673,
                0.0010540456966834364,
                -0.0002143452166717082,
                -0.0029720925978330257,
                4.4388253618878715e-05,
                0.0012009560899371929
            ],
            [
                -2.8146404641654664e-05,
                3.267890036255072e-05,
                -8.380073300936694e-05,
                -5.8105611114790174e-05,
                -0.011250792039817898,
                -0.0005919380107355047,
                -5.788651036926124e-05,
                -5.914172471204787e-06,
                -0.0007515753231690032,
                0.00016067319370737678,
                -0.0006513013777083006,
                -0.0007619394924163128,
                -0.00012166858935513905,
                -0.0006146854877724625,
                -0.0010235015975659156,
                1.6534063014268074e-06,
                1.478782031663393e-05,
                0.00012500839388478673,
                0.013260327862171413,
                -0.007791018008220218,
                -0.002031331458037378,
                -2.9027607651151248e-06,
                0.00020381250890789553,
                0.0007922265760888304
            ],
            [
                1.4393153981239566e-05,
                -4.3680039262255057e-05,
                7.13903076074775e-05,
                -0.00031394674445103685,
                0.001737170258014517,
                -0.0002943655710902663,
                8.943406332010611e-05,
                -0.001046783254522059,
                0.0015191949254979387,
                -0.00024305054753683217,
                0.000411544738367361,
                0.0015400190145605417,
                -0.0007067343919072042,
                0.00041220017386305854,
                0.0020442004551070193,
                -0.0005973720720286993,
                -0.0009712166648543358,
                0.0010540456966834364,
                -0.007791018008220218,
                0.05810581728625454,
                -0.002662944888966735,
                -0.00024176931814641313,
                -0.002698267567717187,
                -0.00014920746276919107
            ],
            [
                -2.579074698776904e-05,
                3.308374404681981e-05,
                0.0001803600264392897,
                0.000589735155052582,
                0.00103552013092702,
                0.0008051925061722201,
                -0.0004096214022544543,
                -0.0017222040919664008,
                -0.0004824627088494001,
                -0.0020688558528066518,
                0.0019777299620515683,
                -0.0004987688019248983,
                4.400559970023013e-05,
                0.0008475822746440442,
                -0.0027241204599759467,
                0.00043335630119204714,
                -0.002551858826298996,
                -0.0002143452166717082,
                -0.002031331458037378,
                -0.002662944888966735,
                0.20736580434806567,
                -0.0017230918237161191,
                0.002582287306673505,
                0.00029683816465512786
            ],
            [
                -1.1803074724136205e-05,
                1.623107338382203e-05,
                -0.00011577064610970762,
                0.00010354146376030704,
                -0.0001204433664415459,
                -0.0003519303364767398,
                -0.0006382696810440652,
                -4.0190914920628286e-05,
                -9.922600895890394e-06,
                -0.0008912546361307275,
                -0.00033945012621971316,
                0.00013212834775623862,
                -8.708032017874921e-05,
                3.276960970941509e-05,
                -0.0006002475443566226,
                0.0004853330159375888,
                -0.0006335062789216253,
                -0.0029720925978330257,
                -2.9027607651151248e-06,
                -0.00024176931814641313,
                -0.0017230918237161191,
                0.01043869611991169,
                -0.004723526856371355,
                0.0005954343963711795
            ],
            [
                -1.196430475935425e-05,
                1.0190659036554911e-05,
                1.1817053436347373e-05,
                0.0006670013590950331,
                -0.0004947909698588497,
                1.3704460422587488e-05,
                5.4277357849700415e-05,
                -0.001051450734624026,
                -0.0019344776813893757,
                -8.81693297686717e-05,
                0.0005622504927958786,
                -0.00046117171107051304,
                -0.00021978731446058877,
                -8.398584731944334e-05,
                0.0003868141844787173,
                -0.0005534716143781233,
                0.0014120733314075206,
                4.4388253618878715e-05,
                0.00020381250890789553,
                -0.002698267567717187,
                0.002582287306673505,
                -0.004723526856371355,
                0.03934293692471917,
                0.0003630309826113844
            ],
            [
                -0.008179333645344589,
                0.009482649670054253,
                -0.0017488200667518205,
                0.000579008463612158,
                -3.725066466313167e-05,
                -0.0010022800739796277,
                0.0011438267225552126,
                -0.0002222997778022305,
                0.00025701827289000933,
                -0.0014415941939063775,
                0.0011714166696974717,
                -0.0014595658787119733,
                -0.0002738185643538705,
                -0.002881876779358075,
                0.00040275883961377794,
                -0.00045565351113966584,
                -0.0004454488167189346,
                0.0012009560899371929,
                0.0007922265760888304,
                -0.00014920746276919107,
                0.00029683816465512786,
                0.0005954343963711795,
                0.0003630309826113844,
                0.355209527616212
            ]
        ]
    },
    "E1T0": {
        "B": [
            [
                0.047928082597861854
            ],
            [
                -0.04508062782583367
            ],
            [
                -0.017182368068239175
            ],
            [
                0.2116490465071832
            ],
            [
                0.9666624136889831
            ],
            [
                -0.1636432129080402
            ],
            [
                0.21831323361164282
            ],
            [
                0.34488254165637655
            ],
            [
                0.20721194678180627
            ],
            [
                -0.07585422899689517
            ],
            [
                -0.009392328906591167
            ],
            [
                0.7013076253198222
            ],
            [
                -0.0523283261202961
            ],
            [
                -0.17586659839634483
            ],
            [
                -0.19168666390923877
            ],
            [
                0.08230841810649306
            ],
            [
                0.09560930324996153
            ],
            [
                -0.10550410775918798
            ],
            [
                -0.1129678166464876
            ],
            [
                0.5571499437774682
            ],
            [
                0.0
            ],
            [
                -0.3174552113307669
            ],
            [
                0.8004358032195993
            ],
            [
                -3.6338974260748644
            ]
        ],
        "V": [
            [
                0.00021793355497943013,
                -0.00026433095500173314,
                6.89127266095861e-05,
                7.866091397460112e-06,
                3.603027361229476e-05,
                1.997148851525532e-05,
                -0.00015879182973975602,
                4.959175590018994e-05,
                5.317285333329897e-06,
                -5.979314251127561e-05,
                4.04533311499623e-05,
                -1.1567947546986816e-05,
                -2.6636273088326107e-06,
                -8.031641786420925e-05,
                -1.494739773498357e-05,
                5.4491922349911885e-06,
                -0.00023975561218661664,
                -2.0119357887390054e-05,
                -1.2999494752497951e-05,
                4.4941818056763825e-05,
                0.0,
                2.8892438971138336e-05,
                5.4165078856873296e-05,
                -0.009218645934639235
            ],
            [
                -0.00026433095500173314,
                0.00036668252090390243,
                -0.00016636106252224917,
                -1.0308423729857907e-05,
                -0.00013935529501173994,
                7.994107505369405e-06,
                8.596939269065083e-05,
                -0.00010246262809941397,
                2.150303883541435e-05,
                2.4106762008822065e-05,
                -9.478153495055418e-05,
                1.3082704426893587e-05,
                -5.3927211959520154e-05,
                0.00019435879703822486,
                2.1041402765607182e-05,
                8.160963562040199e-06,
                0.0002237715565804074,
                -1.4190905052876635e-05,
                -5.605508572397904e-05,
                1.943960770712616e-05,
                0.0,
                -9.834188943116321e-05,
                -1.7367781211568754e-05,
                0.010766630513299602
            ],
            [
                6.89127266095861e-05,
                -0.00016636106252224917,
                0.0003060218010142685,
                7.570392618792414e-06,
                9.139052922016374e-05,
                3.727641090033321e-05,
                2.83665359655135e-05,
                0.00015674188802804737,
                -0.00015485341292499852,
                -6.01028205821737e-05,
                5.1106067764612194e-05,
                -0.00033026813201829006,
                4.489898091370472e-05,
                -0.00033197522718304086,
                -0.00019645709927885584,
                -6.780445979986145e-05,
                0.00027859046391281257,
                3.9248115420839445e-05,
                -3.3904315636848173e-05,
                -0.00013886900326591473,
                0.0,
                -7.439248597761099e-05,
                -4.525464200653983e-05,
                -0.002279754441220347
            ],
            [
                7.866091397460112e-06,
                -1.0308423729857907e-05,
                7.570392618792414e-06,
                0.007600341359239769,
                0.002082411838912144,
                -0.0004132451233074091,
                0.0007120588922780887,
                0.0009602280792908149,
                0.00019473644414778256,
                0.0006919353724134938,
                -0.0002624871085016014,
                -5.1496538573749356e-05,
                -0.0006240375795642551,
                -0.001464850327906363,
                -0.0007612829134647799,
                4.154031361793879e-05,
                -0.001154499326318794,
                0.0005294436745423771,
                -0.0006994096288252127,
                0.0012949308157636965,
                0.0,
                -0.00022678962622143622,
                -0.0006676662910603649,
                -0.0032238973894887072
            ],
            [
                3.603027361229476e-05,
                -0.00013935529501173994,
                9.139052922016374e-05,
                0.002082411838912144,
                0.15584164171691586,
                -0.0010897216692363943,
                0.0006618537729111415,
                0.0020375665150601688,
                -0.0017845035791474579,
                0.002088890595187284,
                -0.002323148717522489,
                0.00228511764009565,
                0.0013467130320438654,
                -0.003740335503069598,
                0.000123443141673626,
                0.0005508430444512055,
                -0.006203081696804219,
                -0.0007603065151303611,
                -0.023989022570955365,
                -0.0032198054960277515,
                0.0,
                -0.0035915458733740105,
                0.005100215626671334,
                -0.0014612957914055225
            ],
            [
                1.997148851525532e-05,
                7.994107505369405e-06,
                3.727641090033321e-05,
                -0.0004132451233074091,
                -0.0010897216692363943,
                0.013002087197886468,
                -0.0022603167175799,
                -0.00021760878700807876,
                -0.0005364400144994443,
                -3.0690585086009934e-05,
                0.0001611305720369858,
                0.0008543095222762026,
                -0.0007248623797236883,
                -0.0012275819885322762,
                -0.000649441837421487,
                -0.0006915595372257767,
                -0.001484352163766492,
                -0.0005659254397352878,
                0.00026443730317362717,
                -0.0019830653314011465,
                0.0,
                -0.0006183511207377105,
                -0.00035447404173298623,
                -0.0014881199525376447
            ],
            [
                -0.00015879182973975602,
                8.596939269065083e-05,
                2.83665359655135e-05,
                0.0007120588922780887,
                0.0006618537729111415,
                -0.0022603167175799,
                0.009407242794682687,
                -0.0013965527320019652,
                -0.000987085227036337,
                0.00013708415894807084,
                -0.0015873910955967396,
                0.0003601443387477684,
                -0.0002234810121769504,
                -0.0011019414029148382,
                -0.0014485937981983993,
                -0.003113494880415548,
                -0.0008374473457936646,
                0.0004075703052490558,
                -0.00024627466846846363,
                0.0014123298868634817,
                0.0,
                -0.0011454458802391198,
                -0.0004769423107449244,
                0.0040330302181803505
            ],
            [
                4.959175590018994e-05,
                -0.00010246262809941397,
                0.00015674188802804737,
                0.0009602280792908149,
                0.0020375665150601688,
                -0.00021760878700807876,
                -0.0013965527320019652,
                0.041653351091806096,
                -0.00629558349532301,
                -0.0011186076346245443,
                -0.002370786832030759,
                0.0022343746634404735,
                -0.00032085282104904483,
                0.000484279818031375,
                -0.0010967794955172132,
                0.00039261172591384326,
                -0.0009595147299754142,
                -0.0012101245844858706,
                -0.0014521790977442147,
                -0.0012370467986095722,
                0.0,
                -0.0017068486141181127,
                0.003129178944389903,
                -0.001967799060727794
            ],
            [
                5.317285333329897e-06,
                2.150303883541435e-05,
                -0.00015485341292499852,
                0.00019473644414778256,
                -0.0017845035791474579,
                -0.0005364400144994443,
                -0.000987085227036337,
                -0.00629558349532301,
                0.025319270946014695,
                -0.00725497973614357,
                0.0005540926210632892,
                -0.001125573115982045,
                -0.0014962183418995407,
                5.4633412507821416e-05,
                -0.0019524977581616395,
                -0.00033339075515592665,
                -0.0035237398159178703,
                -0.00020756100408839468,
                -1.410283769377511e-05,
                -0.0014869817131557101,
                0.0,
                -0.0009278243152721499,
                -0.0020134049669379814,
                -6.188154433964385e-05
            ],
            [
                -5.979314251127561e-05,
                2.4106762008822065e-05,
                -6.01028205821737e-05,
                0.0006919353724134938,
                0.002088890595187284,
                -3.0690585086009934e-05,
                0.00013708415894807084,
                -0.0011186076346245443,
                -0.00725497973614357,
                0.017118703301727243,
                -0.003998903325609259,
                -0.0009303058508430171,
                -0.0009171358460157731,
                -0.0006773577683339384,
                0.00032950040503652167,
                -0.0003647931069229699,
                0.00433908710291885,
                -0.0010744136262258435,
                -0.0005476421703265297,
                0.0009058601749318457,
                0.0,
                -0.001540276656919617,
                -0.0015766769893912891,
                0.0020335833636894065
            ],
            [
                4.04533311499623e-05,
                -9.478153495055418e-05,
                5.1106067764612194e-05,
                -0.0002624871085016014,
                -0.002323148717522489,
                0.0001611305720369858,
                -0.0015873910955967396,
                -0.002370786832030759,
                0.0005540926210632892,
                -0.003998903325609259,
                0.023913375726039025,
                -0.005265051425772069,
                -0.0006297578579069319,
                0.00011446671776306719,
                0.000132893797580037,
                0.0009388524222945617,
                -0.012894845683755091,
                -0.0003077192916502238,
                0.0012644799938541793,
                -0.001209656504687167,
                0.0,
                -0.0004300929553585202,
                -0.0033245535133843364,
                -0.0013456269603669764
            ],
            [
                -1.1567947546986816e-05,
                1.3082704426893587e-05,
                -0.00033026813201829006,
                -5.1496538573749356e-05,
                0.00228511764009565,
                0.0008543095222762026,
                0.0003601443387477684,
                0.0022343746634404735,
                -0.001125573115982045,
                -0.0009303058508430171,
                -0.005265051425772069,
                0.05556142971132864,
                -0.0017606390785602812,
                -0.0026157177893192172,
                -0.0021799683832487552,
                -0.0001839291337132186,
                -0.001724608732213885,
                -0.0022158005691241362,
                0.0008702606687697584,
                0.001786110621106998,
                0.0,
                -0.0006598443752783518,
                0.0037181022140778696,
                0.00031478819773620294
            ],
            [
                -2.6636273088326107e-06,
                -5.3927211959520154e-05,
                4.489898091370472e-05,
                -0.0006240375795642551,
                0.0013467130320438654,
                -0.0007248623797236883,
                -0.0002234810121769504,
                -0.00032085282104904483,
                -0.0014962183418995407,
                -0.0009171358460157731,
                -0.0006297578579069319,
                -0.0017606390785602812,
                0.009565564006933128,
                -0.0007731107214427966,
