var MatrixPost = {
    "E0T0": {
        "B": [
            [
                0.0022543754006271693
            ],
            [
                0.019735334755485202
            ],
            [
                -0.031244176759944484
            ],
            [
                -0.24480536469695205
            ],
            [
                0.9214001582743777
            ],
            [
                -0.08338046401776522
            ],
            [
                0.13755843525811207
            ],
            [
                0.24349788453381924
            ],
            [
                0.5471549846829575
            ],
            [
                -0.12750230038473456
            ],
            [
                0.06669042530575635
            ],
            [
                0.5824202824450685
            ],
            [
                0.15989259894904603
            ],
            [
                -0.0041026847021538955
            ],
            [
                -0.21893403988855067
            ],
            [
                -0.03557822008208383
            ],
            [
                0.2026884389586748
            ],
            [
                0.3682694966454859
            ],
            [
                -0.34534511926621897
            ],
            [
                0.28848723802442894
            ],
            [
                -0.02492078541433765
            ],
            [
                0.2460792264225358
            ],
            [
                0.11886904929429437
            ],
            [
                -2.508498972660834
            ]
        ],
        "V": [
            [
                0.0002549393648131418,
                -0.000311042726159559,
                7.471158903613048e-05,
                -0.00010035640507311082,
                -3.742860952966049e-05,
                3.058869770560706e-07,
                -0.00011529212509805523,
                2.1180856428456633e-05,
                -2.8470169327916587e-05,
                4.393692370856963e-05,
                -2.5395173814650535e-05,
                3.895585792906478e-05,
                -9.083340092561502e-06,
                0.00012351251183914178,
                -2.3599836820449214e-05,
                -2.5649494567036533e-05,
                1.3159269266356364e-05,
                -7.836009397967048e-06,
                -1.6656850840826137e-05,
                1.257293014378456e-05,
                -5.376710108994254e-06,
                -1.566830235727466e-05,
                1.8104695531597392e-05,
                -0.01069519938048344
            ],
            [
                -0.000311042726159559,
                0.00042280775980042514,
                -0.00015805059047413177,
                0.0001478473116356836,
                4.945971403734763e-05,
                4.732255339187447e-05,
                4.956901437895899e-05,
                -5.192106094929416e-05,
                5.551708925304913e-05,
                -0.00010445462331003652,
                3.3293628407148435e-05,
                -5.263802199043658e-05,
                8.78199726709716e-06,
                -0.00013780989560822622,
                -4.2873778312925144e-05,
                5.933788983707554e-05,
                1.0983883020760624e-06,
                -2.7902200724058094e-05,
                -2.6099441786336215e-07,
                -6.99384566592772e-05,
                4.5812017293591365e-05,
                3.800486821346695e-05,
                -4.6087485654660416e-05,
                0.012528634825403603
            ],
            [
                7.471158903613048e-05,
                -0.00015805059047413177,
                0.00020069667306219646,
                -0.00015513091484893013,
                -9.998305796119846e-06,
                2.3392838986948494e-05,
                5.329404602933013e-05,
                4.3549096961118224e-05,
                -8.401793589930457e-05,
                -2.0998046347589342e-05,
                -7.164705813960229e-05,
                -0.00014230186044080853,
                1.1919282837497445e-05,
                6.826297655907059e-05,
                0.00012366358683992828,
                -3.677080071193855e-05,
                6.096826872718818e-05,
                8.90164333003474e-06,
                -9.956720268009831e-05,
                0.00012703769211360223,
                0.00020862451067173014,
                -0.00019179829089963272,
                9.015352867987377e-05,
                -0.0024161266021958173
            ],
            [
                -0.00010035640507311082,
                0.0001478473116356836,
                -0.00015513091484893013,
                0.005481434472194507,
                0.0005348634842778811,
                -0.0005282450403671427,
                0.0005898530815303453,
                0.0009520982918813469,
                0.0001942343569935621,
                0.00019647705962646975,
                -0.0005418532745201284,
                0.00031434766033675384,
                1.0951669528814044e-05,
                -0.001838205511962336,
                0.00047576085034163796,
                -0.00024204877446174324,
                0.00015364429452050492,
                0.0002908480940456929,
                1.8940303911256145e-05,
                -0.00032285153340507806,
                0.0008873265831101548,
                0.0002407065597650019,
                0.0005581500336173219,
                0.0016299662606257463
            ],
            [
                -3.742860952966049e-05,
                4.945971403734763e-05,
                -9.998305796119846e-06,
                0.0005348634842778811,
                0.04027965510114523,
                0.00127402681895416,
                0.00037968840945441285,
                0.00020727374805279091,
                0.001485145758572755,
                -0.0002283630466255167,
                0.00026950691355602735,
                0.0012554376108061924,
                -0.0002564020607245764,
                0.0008284213662890299,
                -0.00043224028556118,
                0.0006669710235436415,
                -0.0005997441698361871,
                -0.0004190965574311885,
                -0.01637715210217772,
                0.004373443992082494,
                0.0010334051135340336,
                -0.00032468483715257176,
                -0.0007150438582927011,
                0.0003865761473317894
            ],
            [
                3.058869770560706e-07,
                4.732255339187447e-05,
                2.3392838986948494e-05,
                -0.0005282450403671427,
                0.00127402681895416,
                0.006452261546703143,
                -0.00044811967292435255,
                -0.000156238771079953,
                -0.0007741815363008399,
                -0.0002598857628640648,
                0.000331227736294967,
                0.00038254736504205486,
                -0.00021705030745932505,
                5.2507963962266865e-05,
                0.00016314785957895783,
                -0.00030342264240867494,
                0.000713395292299693,
                -0.0010655711923758411,
                -0.0009651135053106127,
                -0.00011497418075584215,
                0.0011948680899830603,
                -0.0004758302085979565,
                0.0001484134550796733,
                -0.0016686099423639268
            ],
            [
                -0.00011529212509805523,
                4.956901437895899e-05,
                5.329404602933013e-05,
                0.0005898530815303453,
                0.00037968840945441285,
                -0.00044811967292435255,
                0.007460112066966709,
                -0.000407186671152027,
                -0.00047664313389748854,
                -0.0006033753210045787,
                -0.00041454160601715534,
                -0.00023307232015185513,
                -0.00037407906693390214,
                -0.000283397988718723,
                -0.00017773123407866214,
                -0.0016657191500001783,
                -0.0005784787867382694,
                0.00017270261745685575,
                -0.0003765853334374265,
                0.00031829785548907134,
                -0.0007239450575724549,
                -0.0008266974242739198,
                0.0002965428556200859,
                0.0019707778875088567
            ],
            [
                2.1180856428456633e-05,
                -5.192106094929416e-05,
                4.3549096961118224e-05,
                0.0009520982918813469,
                0.00020727374805279091,
                -0.000156238771079953,
                -0.000407186671152027,
                0.020311436545326373,
                -0.002741928067447082,
                -1.719616872323633e-05,
                -0.0013181597575942557,
                -0.002756873566439267,
                -0.0007029371943075609,
                -0.0011749588014544423,
                -0.00032152233546988253,
                -4.065683321814861e-05,
                -0.0003891801747436795,
                -0.0006777845149230626,
                4.653875612645557e-05,
                -0.001064196518773606,
                -0.003147625164034938,
                -0.00020407108423510314,
                -0.001280381590426224,
                -0.000879321701042432
            ],
            [
                -2.8470169327916587e-05,
                5.551708925304913e-05,
                -8.401793589930457e-05,
                0.0001942343569935621,
                0.001485145758572755,
                -0.0007741815363008399,
                -0.00047664313389748854,
                -0.002741928067447082,
                0.015014845126584166,
                -0.004205352763666446,
                -0.0009196633907740832,
                -0.0006684074249733546,
                -1.5248888660144007e-05,
                0.00021302569722389842,
                -0.001603078211131494,
                -2.451877289699159e-05,
                0.0018606995745139813,
                -0.0005715595049474167,
                -0.0008440803189719013,
                0.0015596074647985943,
                -0.002643584946276231,
                -9.151988499166199e-05,
                -0.0024236587142380324,
                0.001185780800774126
            ],
            [
                4.393692370856963e-05,
                -0.00010445462331003652,
                -2.0998046347589342e-05,
                0.00019647705962646975,
                -0.0002283630466255167,
                -0.0002598857628640648,
                -0.0006033753210045787,
                -1.719616872323633e-05,
                -0.004205352763666446,
                0.010403229441587709,
                -0.002855457091431301,
                0.0002771338437647255,
                -0.001076141322950336,
                -0.0009152930737628952,
                0.0003177768594889485,
                4.640897798009215e-05,
                -0.0005492718318981974,
                -0.0005935319960420392,
                0.00032100118197543923,
                -0.0004617161576592227,
                -0.003010811442118471,
                -0.0012968649437923975,
                -0.0009586377951922595,
                -0.0012928594325759177
            ],
            [
                -2.5395173814650535e-05,
                3.3293628407148435e-05,
                -7.164705813960229e-05,
                -0.0005418532745201284,
                0.00026950691355602735,
                0.000331227736294967,
                -0.00041454160601715534,
                -0.0013181597575942557,
                -0.0009196633907740832,
                -0.002855457091431301,
                0.013551463634634001,
                0.00029365111511718203,
                -0.0009495255792345184,
                -0.00037077250682432075,
                -0.0011499797887119063,
                -0.00026503461722239606,
                -0.006156658122373077,
                0.0004294834470290482,
                -0.0007652746999833492,
                0.0009971290015388843,
                0.004099208510296453,
                -7.74706205490582e-05,
                -0.0002706728028315808,
                0.0013490196617988834
            ],
            [
                3.895585792906478e-05,
                -5.263802199043658e-05,
                -0.00014230186044080853,
                0.00031434766033675384,
                0.0012554376108061924,
                0.00038254736504205486,
                -0.00023307232015185513,
                -0.002756873566439267,
                -0.0006684074249733546,
                0.0002771338437647255,
                0.00029365111511718203,
                0.03696818226878605,
                -0.0009581832647569774,
                6.496581596650419e-05,
                0.0009860016570381925,
                0.00021637450222518147,
                -0.004471674780278763,
                -0.0009381942487090176,
                -0.0013165867188401068,
                0.003201662642043292,
                -0.00047404319817242926,
                0.0002480998677887652,
                0.0004984407959837268,
                -0.0018767593433269565
            ],
            [
                -9.083340092561502e-06,
                8.78199726709716e-06,
                1.1919282837497445e-05,
                1.0951669528814044e-05,
                -0.0002564020607245764,
                -0.00021705030745932505,
                -0.00037407906693390214,
                -0.0007029371943075609,
                -1.5248888660144007e-05,
                -0.001076141322950336,
                -0.0009495255792345184,
                -0.0009581832647569774,
                0.005979666946878767,
                -0.0007097961196268302,
                -6.060723299924209e-05,
                0.00030599150255951113,
                0.000826673214146687,
                -0.0003062740907099068,
                -0.00013380820808371008,
                -0.0009497205885671383,
                -0.0004056107217208645,
                -0.00019007414045451774,
                -0.00014379477336938875,
                -0.000812454720943065
            ],
            [
                0.00012351251183914178,
                -0.00013780989560822622,
                6.826297655907059e-05,
                -0.001838205511962336,
                0.0008284213662890299,
                5.2507963962266865e-05,
                -0.000283397988718723,
                -0.0011749588014544423,
                0.00021302569722389842,
                -0.0009152930737628952,
                -0.00037077250682432075,
                6.496581596650419e-05,
                -0.0007097961196268302,
                0.016842363395566787,
                9.024790763064648e-05,
                -8.851968878334477e-05,
                -0.0007164636408232148,
                -0.00023154903937154072,
                -0.0006522689706341961,
                0.0002575249853556674,
                0.0010040259056419009,
                5.0396023642651805e-05,
                0.0008210604211321947,
                -0.00535872669637641
            ],
            [
                -2.3599836820449214e-05,
                -4.2873778312925144e-05,
                0.00012366358683992828,
                0.00047576085034163796,
                -0.00043224028556118,
                0.00016314785957895783,
                -0.00017773123407866214,
                -0.00032152233546988253,
                -0.001603078211131494,
                0.0003177768594889485,
                -0.0011499797887119063,
                0.0009860016570381925,
                -6.060723299924209e-05,
                9.024790763064648e-05,
                0.043987302165232604,
                -0.0008585691490627887,
                -0.0021297596667483975,
                0.0017455557981217306,
                -0.0005461577833076402,
                0.002515586402049417,
                -0.004175583936334857,
                -0.0012002454772059722,
                9.11348903744898e-05,
                0.0010271148869880004
            ],
            [
                -2.5649494567036533e-05,
                5.933788983707554e-05,
                -3.677080071193855e-05,
                -0.00024204877446174324,
                0.0006669710235436415,
                -0.00030342264240867494,
                -0.0016657191500001783,
                -4.065683321814861e-05,
                -2.451877289699159e-05,
                4.640897798009215e-05,
                -0.00026503461722239606,
                0.00021637450222518147,
                0.00030599150255951113,
                -8.851968878334477e-05,
                -0.0008585691490627887,
                0.008554602911077987,
                0.00037163188441012655,
                -0.005871251355703452,
                -9.64005357650069e-05,
                -0.0003989801294505699,
                0.0003047586121440009,
                0.0006351353688568229,
                -0.0006171881331758415,
                -8.648483690319394e-05
            ],
            [
                1.3159269266356364e-05,
                1.0983883020760624e-06,
                6.096826872718818e-05,
                0.00015364429452050492,
                -0.0005997441698361871,
                0.000713395292299693,
                -0.0005784787867382694,
                -0.0003891801747436795,
                0.0018606995745139813,
                -0.0005492718318981974,
                -0.006156658122373077,
                -0.004471674780278763,
                0.000826673214146687,
                -0.0007164636408232148,
                -0.0021297596667483975,
                0.00037163188441012655,
                0.0752247477055101,
                -0.0013593587501972955,
                0.0005790942584513926,
                -0.0011180254987197995,
                -0.005754802552441905,
                -0.0012708416703424922,
                0.0018393569307490819,
                -0.0012079778004168659
            ],
            [
                -7.836009397967048e-06,
                -2.7902200724058094e-05,
                8.90164333003474e-06,
                0.0002908480940456929,
                -0.0004190965574311885,
                -0.0010655711923758411,
                0.00017270261745685575,
                -0.0006777845149230626,
                -0.0005715595049474167,
                -0.0005935319960420392,
                0.0004294834470290482,
                -0.0009381942487090176,
                -0.0003062740907099068,
                -0.00023154903937154072,
                0.0017455557981217306,
                -0.005871251355703452,
                -0.0013593587501972955,
                0.013993823721917535,
                -7.401657966622973e-05,
                0.001321960721892669,
                -0.00018041302160154166,
                -0.003745746865760148,
                -0.0002026451253113098,
                0.0013660839961149535
            ],
            [
                -1.6656850840826137e-05,
                -2.6099441786336215e-07,
                -9.956720268009831e-05,
                1.8940303911256145e-05,
                -0.01637715210217772,
                -0.0009651135053106127,
                -0.0003765853334374265,
                4.653875612645557e-05,
                -0.0008440803189719013,
                0.00032100118197543923,
                -0.0007652746999833492,
                -0.0013165867188401068,
                -0.00013380820808371008,
                -0.0006522689706341961,
                -0.0005461577833076402,
                -9.64005357650069e-05,
                0.0005790942584513926,
                -7.401657966622973e-05,
                0.019119110556179125,
                -0.011874460881209449,
                -0.0011613879686035024,
                0.0002774674496234653,
                4.961826886639716e-05,
                0.0007125965884872759
            ],
            [
                1.257293014378456e-05,
                -6.99384566592772e-05,
                0.00012703769211360223,
                -0.00032285153340507806,
                0.004373443992082494,
                -0.00011497418075584215,
                0.00031829785548907134,
                -0.001064196518773606,
                0.0015596074647985943,
                -0.0004617161576592227,
                0.0009971290015388843,
                0.003201662642043292,
                -0.0009497205885671383,
                0.0002575249853556674,
                0.002515586402049417,
                -0.0003989801294505699,
                -0.0011180254987197995,
                0.001321960721892669,
                -0.011874460881209449,
                0.07592003300459997,
                -0.007665763918679509,
                -0.0003978935320031633,
                -0.002273552114831648,
                -4.474356695154168e-05
            ],
            [
                -5.376710108994254e-06,
                4.5812017293591365e-05,
                0.00020862451067173014,
                0.0008873265831101548,
                0.0010334051135340336,
                0.0011948680899830603,
                -0.0007239450575724549,
                -0.003147625164034938,
                -0.002643584946276231,
                -0.003010811442118471,
                0.004099208510296453,
                -0.00047404319817242926,
                -0.0004056107217208645,
                0.0010040259056419009,
                -0.004175583936334857,
                0.0003047586121440009,
                -0.005754802552441905,
                -0.00018041302160154166,
                -0.0011613879686035024,
                -0.007665763918679509,
                0.28564425487169615,
                -0.0009030990384023748,
                0.0034440091524771664,
                -0.001212465658053447
            ],
            [
                -1.566830235727466e-05,
                3.800486821346695e-05,
                -0.00019179829089963272,
                0.0002407065597650019,
                -0.00032468483715257176,
                -0.0004758302085979565,
                -0.0008266974242739198,
                -0.00020407108423510314,
                -9.151988499166199e-05,
                -0.0012968649437923975,
                -7.74706205490582e-05,
                0.0002480998677887652,
                -0.00019007414045451774,
                5.0396023642651805e-05,
                -0.0012002454772059722,
                0.0006351353688568229,
                -0.0012708416703424922,
                -0.003745746865760148,
                0.0002774674496234653,
                -0.0003978935320031633,
                -0.0009030990384023748,
                0.013048477663498079,
                -0.005038224251236497,
                0.0006324835513736969
            ],
            [
                1.8104695531597392e-05,
                -4.6087485654660416e-05,
                9.015352867987377e-05,
                0.0005581500336173219,
                -0.0007150438582927011,
                0.0001484134550796733,
                0.0002965428556200859,
                -0.001280381590426224,
                -0.0024236587142380324,
                -0.0009586377951922595,
                -0.0002706728028315808,
                0.0004984407959837268,
                -0.00014379477336938875,
                0.0008210604211321947,
                9.11348903744898e-05,
                -0.0006171881331758415,
                0.0018393569307490819,
                -0.0002026451253113098,
                4.961826886639716e-05,
                -0.002273552114831648,
                0.0034440091524771664,
                -0.005038224251236497,
                0.058521313910117806,
                -0.0007765074005645058
            ],
            [
                -0.01069519938048344,
                0.012528634825403603,
                -0.0024161266021958173,
                0.0016299662606257463,
                0.0003865761473317894,
                -0.0016686099423639268,
                0.0019707778875088567,
                -0.000879321701042432,
                0.001185780800774126,
                -0.0012928594325759177,
                0.0013490196617988834,
                -0.0018767593433269565,
                -0.000812454720943065,
                -0.00535872669637641,
                0.0010271148869880004,
                -8.648483690319394e-05,
                -0.0012079778004168659,
                0.0013660839961149535,
                0.0007125965884872759,
                -4.474356695154168e-05,
                -0.001212465658053447,
                0.0006324835513736969,
                -0.0007765074005645058,
                0.46119094285510853
            ]
        ]
    },
    "E1T0": {
        "B": [
            [
                0.051206571142981154
            ],
            [
                -0.04881402721432962
            ],
            [
                -0.01746514876881013
            ],
            [
                0.17679268199676113
            ],
            [
                1.0494854818621064
            ],
            [
                -0.19008290846805967
            ],
            [
                0.15586257682325666
            ],
            [
                0.24919873061930398
            ],
            [
                0.2895524017140888
            ],
            [
                -0.07162434137846549
            ],
            [
                -0.06293433949735092
            ],
            [
                0.9068805908337436
            ],
            [
                0.0080547657883857
            ],
            [
                -0.014829657623598395
            ],
            [
                -0.04091223209837515
            ],
            [
                0.06598181360267213
            ],
            [
                0.19940670966009544
            ],
            [
                -0.10510995151168778
            ],
            [
                -0.3752283652586878
            ],
            [
                0.6633987633455407
            ],
            [
                0.0
            ],
            [
                -0.3302432749606634
            ],
            [
                0.7462077116521688
            ],
            [
                -3.5663192081764823
            ]
        ],
        "V": [
            [
                0.0004406129804906714,
                -0.0005256668681291437,
                0.00012159455860618056,
                -2.2781444575393464e-05,
                0.00010117968669432409,
                -1.4590785255871335e-05,
                -0.00018084401309247339,
                8.468781236911895e-05,
                -4.520217380685849e-05,
                -3.894358343233635e-05,
                3.9160944493424115e-05,
                -2.2098695721014318e-05,
                9.996982643854937e-05,
                -0.00017903131302814948,
                -0.00016549207759603685,
                -9.817896404792235e-06,
                -0.00032412186605457975,
                -6.451521809656675e-05,
                -0.0001004546855214258,
                0.0002894685516146024,
                0.0,
                -1.7403312148800984e-05,
                0.0002443992406015369,
                -0.018822627315375397
            ],
            [
                -0.0005256668681291437,
                0.0006921173994517777,
                -0.0002563435970016357,
                3.1281718663175384e-05,
                -0.00024118714089867654,
                7.993136769206028e-05,
                6.878737803083879e-05,
                -0.00018690743074252378,
                0.0001007006354704444,
                -8.237140074285419e-07,
                -8.196189688808038e-05,
                -2.625512827484982e-06,
                -0.00017104542118563163,
                0.00037055996287782046,
                0.00025878061785407076,
                4.5228491884007214e-05,
                0.00035892765079947875,
                3.114831132789136e-05,
                4.098779813489008e-05,
                -0.0002115607808686278,
                0.0,
                -6.694350943621909e-05,
                -0.0002612534549160689,
                0.021790742861983414
            ],
            [
                0.00012159455860618056,
                -0.0002563435970016357,
                0.0003976563354854141,
                3.688521930786131e-05,
                7.485211717856024e-05,
                -2.7843643230106946e-05,
                3.1088874075585346e-05,
                0.0003630744492523313,
                -0.0002611982662126029,
                -0.00010914070608378292,
                -2.8523723516929417e-05,
                -0.00036696530141165683,
                -6.811706307792809e-06,
                -0.0005176539587386293,
                -0.0003826733425773396,
                -9.92801795427744e-05,
                0.00025080741693184465,
                4.647184165686483e-05,
                -8.577312113268405e-05,
                -2.2762401214750418e-05,
                0.0,
                -0.00011801652721440348,
                0.00022747690591900241,
                -0.004216972786041916
            ],
            [
                -2.2781444575393464e-05,
                3.1281718663175384e-05,
                3.688521930786131e-05,
                0.010661916163258433,
                0.001815106541831878,
                -0.00067332461748943,
                0.0005156121245494525,
                0.0012412789521032157,
                0.0008286015997650284,
                0.0005991764563782376,
                -0.0006477625343493176,
                -0.0007297744456323241,
                -0.0010900582506947012,
                -0.001437327010335929,
                -0.00012984566496649665,
                -9.835532055984313e-05,
                -0.001062661617790135,
                0.0012129753361718155,
                -0.00015448609429203423,
                0.0009989267290142333,
                0.0,
                -0.0002872938256063799,
                -0.0013146851227168867,
                -0.0027338180599412428
            ],
            [
                0.00010117968669432409,
                -0.00024118714089867654,
                7.485211717856024e-05,
                0.001815106541831878,
                0.18058380968142862,
                -0.001663960580658525,
                0.0014623881728219796,
                0.00406673004388942,
                -0.0024674526779771312,
                0.003166883232354571,
                -0.002782559766367446,
                0.004158007987639707,
                0.0019830735073915113,
                -0.005091294890930924,
                0.0016354497837908208,
                0.000506652609753866,
                -0.010524474620633748,
                -0.001929679247623895,
                -0.037044993433378234,
                -0.005207764201688558,
                0.0,
                -0.0054916372659083714,
                0.0058672115980026645,
                -0.004050563897178009
            ],
            [
                -1.4590785255871335e-05,
                7.993136769206028e-05,
                -2.7843643230106946e-05,
                -0.00067332461748943,
                -0.001663960580658525,
                0.016983860502897033,
                -0.0029322594475923594,
                -0.0003334441099733664,
                -0.0013860374580531905,
                -0.00048556902789269145,
                0.0007787980702105931,
                0.00041235150313456687,
                -0.0007926156563782211,
                -0.001611635747083194,
                -0.001521627811311556,
                -0.0009750513965884862,
                -0.0007438634197565813,
                -0.000307753884274417,
                0.0003522420602310714,
                -0.002427193571414028,
                0.0,
                -0.0009515571959112991,
                -0.0018627173406831651,
                -0.00054604877442183
            ],
            [
                -0.00018084401309247339,
                6.878737803083879e-05,
                3.1088874075585346e-05,
                0.0005156121245494525,
                0.0014623881728219796,
                -0.0029322594475923594,
                0.013049162895782746,
                -0.0016290556705351859,
                -0.0013397023402830406,
                -0.00023426265000105472,
                -0.0019101324226704084,
                0.0006552689565974212,
                -0.0005761269039810753,
                -0.001746667944374854,
                -0.0031126481858936936,
                -0.004260534076865526,
                -0.0026608311860669928,
                -4.364201260590727e-05,
                -0.0010186185863428985,
                0.0018438354448539523,
                0.0,
                -0.001609291478933577,
                -2.7711076330379523e-05,
                0.004547959648678835
            ],
            [
                8.468781236911895e-05,
                -0.00018690743074252378,
                0.0003630744492523313,
                0.0012412789521032157,
                0.00406673004388942,
                -0.0003334441099733664,
                -0.0016290556705351859,
                0.05225393876010505,
                -0.010323556808241883,
                -0.002426531671717468,
                -0.0022470231504060573,
                0.0026741166034029537,
                -0.0006263905778011251,
                -0.0005058798259285987,
                2.672319415945854e-05,
                5.541532359694193e-06,
                -0.003789336774660507,
                -0.001083867040353905,
                -0.002944161401906577,
                -0.001020782282764331,
                0.0,
                -0.0013045251074409287,
                0.0029820520427664694,
                -0.003211320779337185
            ],
            [
                -4.520217380685849e-05,
                0.0001007006354704444,
                -0.0002611982662126029,
                0.0008286015997650284,
                -0.0024674526779771312,
                -0.0013860374580531905,
                -0.0013397023402830406,
                -0.010323556808241883,
                0.03643816831500534,
                -0.00829927429330145,
                -0.0006219069452833047,
                0.0005517429891218324,
                -0.001868851536200001,
                -0.0005466939020907338,
                -0.0007901756870183212,
                -0.0004371932013508485,
                -0.008163667702359368,
                -0.0011111562629732366,
                -0.0004048732449920798,
                -0.0007455453716086652,
                0.0,
                -0.0014513566378235915,
                -0.001649026496650299,
                0.0020539893419554297
            ],
            [
                -3.894358343233635e-05,
                -8.237140074285419e-07,
                -0.00010914070608378292,
                0.0005991764563782376,
                0.003166883232354571,
                -0.00048556902789269145,
                -0.00023426265000105472,
                -0.002426531671717468,
                -0.00829927429330145,
                0.02333614062157055,
                -0.006266578966273722,
                -0.0003929030768211562,
                -0.0012886792679078331,
                0.00038351519108348163,
                0.00023389400034481284,
                -0.0003170814027136503,
                0.007137188687741928,
                -0.0003965864747095564,
                -0.0011285571845058126,
                0.0005692905971828973,
                0.0,
                -0.004222122625288891,
                -0.0003379886037699185,
                0.0011610229324391342
            ],
            [
                3.9160944493424115e-05,
                -8.196189688808038e-05,
                -2.8523723516929417e-05,
                -0.0006477625343493176,
                -0.002782559766367446,
                0.0007787980702105931,
                -0.0019101324226704084,
                -0.0022470231504060573,
                -0.0006219069452833047,
                -0.006266578966273722,
                0.03388387941628302,
                -0.006783436324501624,
                -0.0012263540572208403,
                -0.0012340223839706716,
                0.0014334442265826882,
                0.0010926791644011874,
                -0.010725364549509763,
                -0.0003973680382373493,
                9.767350849382132e-05,
                -0.0006405816012967821,
                0.0,
                -0.000467128021194037,
                -0.004657906898048087,
                -0.0010966469513237786
            ],
            [
                -2.2098695721014318e-05,
                -2.625512827484982e-06,
                -0.00036696530141165683,
                -0.0007297744456323241,
                0.004158007987639707,
                0.00041235150313456687,
                0.0006552689565974212,
                0.0026741166034029537,
                0.0005517429891218324,
                -0.0003929030768211562,
                -0.006783436324501624,
                0.07319933647571554,
                -0.0014731711824448723,
                -0.0014450824611227768,
                0.0015221388355510903,
                -0.0003833039024151038,
                -0.008215334649695245,
                -0.0015324631665789433,
                -0.000190055656758943,
                0.00236602293837101,
                0.0,
                -0.00014159893628597464,
                0.00039339821409269506,
                0.0005657875333331703
            ],
            [
                9.996982643854937e-05,
                -0.00017104542118563163,
                -6.811706307792809e-06,
                -0.0010900582506947012,
                0.0019830735073915113,
                -0.0007926156563782211,
                -0.0005761269039810753,
                -0.0006263905778011251,
                -0.001868851536200001,
                -0.0012886792679078331,
                -0.0012263540572208403,
                -0.0014731711824448723,
                0.01315093554556292,
                -0.0004596313783386015,
                -0.0007569000071611801,
                -0.00043003842836812796,
