var MatrixData = {
    "E0T0": {
        "B": [
            [
                -0.014180899112508
            ],
            [
                0.04863638903229624
            ],
            [
                -0.06947962904814783
            ],
            [
                0.24404426340687074
            ],
            [
                0.8178921144071002
            ],
            [
                0.14410651198677613
            ],
            [
                0.21737207654977675
            ],
            [
                0.6006448798399856
            ],
            [
                -0.12088643826768446
            ],
            [
                1.1905052591951821
            ],
            [
                0.29100903274969064
            ],
            [
                0.5103987630597119
            ],
            [
                1.1350518475388853
            ],
            [
                1.1045600408285192
            ],
            [
                0.4471590891626034
            ],
            [
                0.0
            ],
            [
                -0.006314680121097925
            ],
            [
                0.8440434643896124
            ],
            [
                0.0
            ],
            [
                0.2735984728026805
            ],
            [
                0.38178632296057236
            ],
            [
                -2.5602838001649944
            ]
        ],
        "V": [
            [
                0.0005992208829631196,
                -0.0009677112926945222,
                0.0005526010629532766,
                -0.00017135437316220478,
                -0.0014520902032494013,
                0.00037657866982285736,
                0.0006185392436830701,
                -0.0003940194711058912,
                -0.0007472143106002553,
                -0.001079857575541994,
                0.0005515027477981812,
                -0.0006976592868016256,
                -0.0008886367192467061,
                -0.00012469306531019534,
                0.0006248388719322368,
                0.0,
                0.0002762855420568214,
                -0.00024042171990115358,
                0.0,
                -0.0008279878555987601,
                -0.0007121757418090625,
                -0.02194540210893738
            ],
            [
                -0.0009677112926945222,
                0.002020405125731176,
                -0.0017579102006678006,
                0.0005212756288722204,
                0.0031929203780552817,
                -0.0020512357414092562,
                -0.0009411565850915918,
                3.9250286284409656e-05,
                0.0014129556490845869,
                0.0011925180382344322,
                -0.0015412846977647691,
                0.0010571957006290317,
                0.0011813318332848845,
                -0.0021729885795344593,
                -0.0028280062063589417,
                0.0,
                -0.0018825835771201242,
                0.0002245689248516888,
                0.0,
                0.000826269016184093,
                0.0020088330289680986,
                0.03202153389387194
            ],
            [
                0.0005526010629532766,
                -0.0017579102006678006,
                0.004404428804893915,
                0.00012607581168923404,
                -0.00577543491942698,
                0.004602959091965037,
                -0.000955636846840597,
                -0.0022909705275189255,
                -0.0020738974456193647,
                -0.010418558262081217,
                0.00041177730559451036,
                0.0006575783797591022,
                -0.001391336557791017,
                0.005028014288816916,
                -0.0016274907653422122,
                0.0,
                0.003157505434214651,
                -0.002460550264106777,
                0.0,
                -0.0007786541400324842,
                -0.0011796942669485813,
                -0.01476248645168606
            ],
            [
                -0.00017135437316220478,
                0.0005212756288722204,
                0.00012607581168923404,
                0.08658858691997441,
                0.011190641258294259,
                -0.013604670512802206,
                0.001931580375220037,
                0.009173980778606932,
                -0.004850457607312122,
                -0.002040066285157279,
                -0.008565078118552324,
                -0.034821184926904704,
                0.0025323936824148074,
                0.03120728151690984,
                0.00819387964467905,
                0.0,
                -0.001109238723073319,
                -0.0024680436522688657,
                0.0,
                0.020038545210373813,
                -0.0032592456423045525,
                -0.03310277346048439
            ],
            [
                -0.0014520902032494013,
                0.0031929203780552817,
                -0.00577543491942698,
                0.011190641258294259,
                1.5434098472365436,
                0.047133228130377916,
                0.06129223057360851,
                0.025671985284388125,
                -0.05286400583360367,
                0.06133624406749855,
                0.002891838182970125,
                -0.005956046122981931,
                -0.06193800770873618,
                0.030884324072234775,
                0.09872921502022147,
                0.0,
                -0.19603379355915532,
                0.1092444921470148,
                0.0,
                -0.10091622164151198,
                0.10242611601330046,
                0.04280279449766728
            ],
            [
                0.00037657866982285736,
                -0.0020512357414092562,
                0.004602959091965037,
                -0.013604670512802206,
                0.047133228130377916,
                0.8144300718073079,
                -0.06990558348691199,
                0.01380106858516863,
                -0.07577766174886955,
                0.014589873118612517,
                -0.009336746937848186,
                0.035418365770752365,
                -0.07161128593711091,
                0.06998335322175796,
                -0.04829432019124659,
                0.0,
                0.007234209347826511,
                -0.0751332481248256,
                0.0,
                0.028061614919261797,
                -0.06850432637095064,
                0.001268567407167962
            ],
            [
                0.0006185392436830701,
                -0.0009411565850915918,
                -0.000955636846840597,
                0.001931580375220037,
                0.06129223057360851,
                -0.06990558348691199,
                0.40881354718103224,
                -0.07420133101620457,
                -0.010799189094766157,
                0.0421206205510851,
                -0.018665501020933072,
                -0.045208214392125426,
                -0.00019314614265747302,
                -0.03828638175042487,
                0.025034082020730413,
                0.0,
                -0.050138500211138665,
                0.046142321671944715,
                0.0,
                -0.059528024006792336,
                -0.15671690506349278,
                -0.019487532439214625
            ],
            [
                -0.0003940194711058912,
                3.9250286284409656e-05,
                -0.0022909705275189255,
                0.009173980778606932,
                0.025671985284388125,
                0.01380106858516863,
                -0.07420133101620457,
                0.17068875188372126,
                -0.021517971647551874,
                0.0065027193158690225,
                -0.011267430883049852,
                -0.006667995075263077,
                0.008271660814328249,
                0.05985601671275518,
                -0.006612586619830594,
                0.0,
                0.0066730556770026985,
                -0.01119176964518465,
                0.0,
                0.02385023523542898,
                -0.028024829144895937,
                -0.0019185767280311512
            ],
            [
                -0.0007472143106002553,
                0.0014129556490845869,
                -0.0020738974456193647,
                -0.004850457607312122,
                -0.05286400583360367,
                -0.07577766174886955,
                -0.010799189094766157,
                -0.021517971647551874,
                0.28402314415993196,
                -0.015888983950226976,
                -0.014012032026680112,
                0.02879522693876325,
                0.027468136951367544,
                -0.08087780386007773,
                -0.13922005818831,
                0.0,
                0.008327481594097847,
                -0.00782086272853469,
                0.0,
                -0.06393456881857396,
                -0.04646483582727724,
                0.018294663455866573
            ],
            [
                -0.001079857575541994,
                0.0011925180382344322,
                -0.010418558262081217,
                -0.002040066285157279,
                0.06133624406749855,
                0.014589873118612517,
                0.0421206205510851,
                0.0065027193158690225,
                -0.015888983950226976,
                0.43234073240992754,
                -0.02417904729048427,
                0.021891339756514396,
                0.003440298078089534,
                0.01167320752826322,
                0.05825300648956868,
                0.0,
                -0.031960163878674626,
                0.06536492017090828,
                0.0,
                0.026058568398954447,
                0.003109885541445637,
                0.03338065611602649
            ],
            [
                0.0005515027477981812,
                -0.0015412846977647691,
                0.00041177730559451036,
                -0.008565078118552324,
                0.002891838182970125,
                -0.009336746937848186,
                -0.018665501020933072,
                -0.011267430883049852,
                -0.014012032026680112,
                -0.02417904729048427,
                0.10198916768003742,
                -0.021332482969701853,
                0.00259947708444263,
                0.012186346509789206,
                0.03490187124941367,
                0.0,
                -0.008547915179567375,
                -0.005895381345479942,
                0.0,
                -0.0214123680933547,
                0.013626199222965691,
                -0.034987839864534416
            ],
            [
                -0.0006976592868016256,
                0.0010571957006290317,
                0.0006575783797591022,
                -0.034821184926904704,
                -0.005956046122981931,
                0.035418365770752365,
                -0.045208214392125426,
                -0.006667995075263077,
                0.02879522693876325,
                0.021891339756514396,
                -0.021332482969701853,
                0.48537401943753944,
                0.0017872257719292886,
                -0.003694633270548228,
                -0.15840224384225382,
                0.0,
                0.013666943405321628,
                0.01220204267524386,
                0.0,
                0.012414684397191771,
                0.024965038123321175,
                0.021885456194083948
            ],
            [
                -0.0008886367192467061,
                0.0011813318332848845,
                -0.001391336557791017,
                0.0025323936824148074,
                -0.06193800770873618,
                -0.07161128593711091,
                -0.00019314614265747302,
                0.008271660814328249,
                0.027468136951367544,
                0.003440298078089534,
                0.00259947708444263,
                0.0017872257719292886,
                0.24737638299414,
                0.04345287141122516,
                -0.06340201945512258,
                0.0,
                0.00612325002136367,
                0.009615520276903558,
                0.0,
                0.015912585404923952,
                -0.12326053175259029,
                0.008826945035358658
            ],
            [
                -0.00012469306531019534,
                -0.0021729885795344593,
                0.005028014288816916,
                0.03120728151690984,
                0.030884324072234775,
                0.06998335322175796,
                -0.03828638175042487,
                0.05985601671275518,
                -0.08087780386007773,
                0.01167320752826322,
                0.012186346509789206,
                -0.003694633270548228,
                0.04345287141122516,
                1.5051786891298058,
                0.03171350254568383,
                0.0,
                0.03126377990694663,
                0.011130832156472028,
                0.0,
                -0.09584544393228499,
                -0.1669373497003397,
                -0.019353189564994436
            ],
            [
                0.0006248388719322368,
                -0.0028280062063589417,
                -0.0016274907653422122,
                0.00819387964467905,
                0.09872921502022147,
                -0.04829432019124659,
                0.025034082020730413,
                -0.006612586619830594,
                -0.13922005818831,
                0.05825300648956868,
                0.03490187124941367,
                -0.15840224384225382,
                -0.06340201945512258,
                0.03171350254568383,
                1.55719275156526,
                0.0,
                -0.0688189316388573,
                0.08558491089274131,
                0.0,
                0.02971756209853871,
                0.08259838739264465,
                -0.015326434251785022
            ],
            [
                0.0,
                0.0,
                0.0,
                0.0,
                0.0,
                0.0,
                0.0,
                0.0,
                0.0,
                0.0,
                0.0,
                0.0,
                0.0,
                0.0,
                0.0,
                0.0,
                0.0,
                0.0,
                0.0,
                0.0,
                0.0,
                0.0
            ],
            [
                0.0002762855420568214,
                -0.0018825835771201242,
                0.003157505434214651,
                -0.001109238723073319,
                -0.19603379355915532,
                0.007234209347826511,
                -0.050138500211138665,
                0.0066730556770026985,
                0.008327481594097847,
                -0.031960163878674626,
                -0.008547915179567375,
                0.013666943405321628,
                0.00612325002136367,
                0.03126377990694663,
                -0.0688189316388573,
                0.0,
                0.2582273766405428,
                -0.19579502756264766,
                0.0,
                0.027300573988436903,
                -0.025459720440117035,
                -0.016117000387210794
            ],
            [
                -0.00024042171990115358,
                0.0002245689248516888,
                -0.002460550264106777,
                -0.0024680436522688657,
                0.1092444921470148,
                -0.0751332481248256,
                0.046142321671944715,
                -0.01119176964518465,
                -0.00782086272853469,
                0.06536492017090828,
                -0.005895381345479942,
                0.01220204267524386,
                0.009615520276903558,
                0.011130832156472028,
                0.08558491089274131,
                0.0,
                -0.19579502756264766,
                0.4573555520906973,
                0.0,
                -0.08107670264995553,
                0.08848068073334063,
                0.008147198681659243
            ],
            [
                0.0,
                0.0,
                0.0,
                0.0,
                0.0,
                0.0,
                0.0,
                0.0,
                0.0,
                0.0,
                0.0,
                0.0,
                0.0,
                0.0,
                0.0,
                0.0,
                0.0,
                0.0,
                0.0,
                0.0,
                0.0,
                0.0
            ],
            [
                -0.0008279878555987601,
                0.000826269016184093,
                -0.0007786541400324842,
                0.020038545210373813,
                -0.10091622164151198,
                0.028061614919261797,
                -0.059528024006792336,
                0.02385023523542898,
                -0.06393456881857396,
                0.026058568398954447,
                -0.0214123680933547,
                0.012414684397191771,
                0.015912585404923952,
                -0.09584544393228499,
                0.02971756209853871,
                0.0,
                0.027300573988436903,
                -0.08107670264995553,
                0.0,
                0.5070555734326243,
                -0.2702633352779261,
                0.01753813122978911
            ],
            [
                -0.0007121757418090625,
                0.0020088330289680986,
                -0.0011796942669485813,
                -0.0032592456423045525,
                0.10242611601330046,
                -0.06850432637095064,
                -0.15671690506349278,
                -0.028024829144895937,
                -0.04646483582727724,
                0.003109885541445637,
                0.013626199222965691,
                0.024965038123321175,
                -0.12326053175259029,
                -0.1669373497003397,
                0.08259838739264465,
                0.0,
                -0.025459720440117035,
                0.08848068073334063,
                0.0,
                -0.2702633352779261,
                1.1772241048972847,
                0.030816202667029512
            ],
            [
                -0.02194540210893738,
                0.03202153389387194,
                -0.01476248645168606,
                -0.03310277346048439,
                0.04280279449766728,
                0.001268567407167962,
                -0.019487532439214625,
                -0.0019185767280311512,
                0.018294663455866573,
                0.03338065611602649,
                -0.034987839864534416,
                0.021885456194083948,
                0.008826945035358658,
                -0.019353189564994436,
                -0.015326434251785022,
                0.0,
                -0.016117000387210794,
                0.008147198681659243,
                0.0,
                0.01753813122978911,
                0.030816202667029512,
                0.8853037071547287
            ]
        ]
    },
    "E0T1": {
        "B": [
            [
                0.020050192382860054
            ],
            [
                -0.021018691762560236
            ],
            [
                0.004059049175476883
            ],
            [
                0.08944227912147004
            ],
            [
                -0.2295380541906403
            ],
            [
                0.5286604384908035
            ],
            [
                0.36172025070148334
            ],
            [
                0.5493210232134209
            ],
            [
                0.7213917384139106
            ],
            [
                0.745322655583346
            ],
            [
                0.08003813173375743
            ],
            [
                0.4017722080530482
            ],
            [
                1.2224819179941522
            ],
            [
                -0.9681600584277791
            ],
            [
                -0.7194696971155871
            ],
            [
                0.0
            ],
            [
                0.050974156990355166
            ],
            [
                0.5031768622532153
            ],
            [
                0.0
            ],
            [
                0.7564359839264434
            ],
            [
                2.021935029787012
            ],
            [
                -3.0288779886698056
            ]
        ],
        "V": [
            [
                0.00046056592042996366,
                -0.0006980896438443955,
                0.000347367886892528,
                -7.988322455365508e-05,
                -0.0010068929871478245,
                0.0004843188194808244,
                0.0002627080994705607,
                9.203131932171125e-06,
                -0.0003546375780143972,
                -0.0006459616077202388,
                0.0003184189098417363,
                -0.00043522899818231693,
                -0.0005335105004553628,
                0.0004873941713323296,
                2.7309070648515144e-05,
                0.0,
                0.00012076286667995268,
                6.245297258079433e-05,
                0.0,
                -0.0005220328837135601,
                -0.0005027077555772087,
                -0.01772811095964267
            ],
            [
                -0.0006980896438443955,
                0.0013570341869973768,
                -0.0010834293234556066,
                0.00028973638356207643,
                0.0022142029479693213,
                -0.002159433883523797,
                -0.00034405676998054886,
                -0.000502852951236035,
                0.0005095221418712169,
                0.0005667211766963693,
                -0.0009969841965627453,
                0.0006895119244164653,
                0.0006243517491806465,
                -0.002418109136237737,
                -0.0006579156176417949,
                0.0,
                -0.0009801309228160816,
                -0.0002524053863830127,
                0.0,
                0.0004177062767448311,
                0.0011089242299269055,
                0.024839252184308293
            ],
            [
                0.000347367886892528,
                -0.0010834293234556066,
                0.002622645076992318,
                3.32963687292934e-05,
                -0.0030698310206975356,
                0.0027674728445019,
                -0.0012008294793722557,
                -0.0008096603078156832,
                -0.0008827963988999872,
                -0.005713344790834129,
                1.1390637683901195e-05,
                -0.0007593453025948527,
                -0.0006359726278276906,
                0.005847869152176672,
                -0.004372821423116972,
                0.0,
                0.002180841802980338,
                -0.0010803598900864418,
                0.0,
                -0.0015558576179177674,
                -0.0021247093451852656,
                -0.010052842277963764
            ],
            [
                -7.988322455365508e-05,
                0.00028973638356207643,
                3.32963687292934e-05,
                0.05593868276480093,
                0.0065486148958152504,
                -0.010510239527733263,
                0.0043944623264919845,
                0.004829217151807001,
                -0.003525792783401501,
                -0.000324335389272692,
                -0.005370116611472907,
                -0.022083204333233148,
                -0.0013492592284979274,
                0.020148582650360566,
                0.006156683386040006,
                0.0,
                -0.0002868357625575846,
                -0.003618375436172041,
                0.0,
                0.013670200161858445,
                -0.014494362240032437,
                -0.02045152073329016
            ],
            [
                -0.0010068929871478245,
                0.0022142029479693213,
                -0.0030698310206975356,
                0.0065486148958152504,
                1.5843594724201406,
                0.03866543223433082,
                0.04308496884505069,
                0.017391790720289436,
                -0.031834561654605784,
                0.035533676589418556,
                -0.003523711461510272,
                -0.0027142666179735247,
                -0.04767636420308468,
                0.03414669511872979,
                0.05558800638892422,
                0.0,
                -0.12153709284072618,
                0.03232161394789737,
                0.0,
                -0.06758491513662326,
                0.037860665695744394,
                0.035696444789053795
            ],
            [
                0.0004843188194808244,
                -0.002159433883523797,
                0.0027674728445019,
                -0.010510239527733263,
                0.03866543223433082,
                0.6126716320521466,
                -0.050028460473290785,
                0.01816130315990628,
                -0.03726128520093689,
                0.014853096373353391,
                0.0033062509449700967,
                0.018566433040768365,
                -0.039958533890638005,
                0.030750643774406256,
                -0.020232816680798425,
                0.0,
                0.0025646060073584004,
                -0.07128666749926646,
                0.0,
                0.03554650781408377,
                0.004362472781161078,
                -0.009916228388603603
            ],
            [
                0.0002627080994705607,
                -0.00034405676998054886,
                -0.0012008294793722557,
                0.0043944623264919845,
                0.04308496884505069,
                -0.050028460473290785,
                0.27140216659718747,
                -0.04437440739014277,
                0.000802289207013771,
                0.028793254692842017,
                -0.014342005775904366,
                -0.021837683080326086,
                -0.0002160697634147844,
                -0.06432539481194743,
                -0.013574468513830379,
                0.0,
                -0.03206395883901028,
                0.03236836684172941,
                0.0,
                -0.04234656358173853,
                -0.03969853320326267,
                -0.01048685231163022
            ],
            [
                9.203131932171125e-06,
                -0.000502852951236035,
                -0.0008096603078156832,
                0.004829217151807001,
                0.017391790720289436,
                0.01816130315990628,
                -0.04437440739014277,
                0.11578973845461239,
                -0.012954060901167148,
                0.0042549224746629595,
                -0.0050036132099127535,
                -0.0021250359982547535,
                0.005052987168449743,
                0.039229457122856,
                -0.008392627873970394,
                0.0,
                0.0026897573499327474,
                -0.00820885484651335,
                0.0,
                0.013067351885951433,
                0.0017602916660770527,
                -0.009976744628545815
            ],
            [
                -0.0003546375780143972,
                0.0005095221418712169,
                -0.0008827963988999872,
                -0.003525792783401501,
                -0.031834561654605784,
                -0.03726128520093689,
                0.000802289207013771,
                -0.012954060901167148,
                0.13751504542215726,
                -0.007929700403665352,
                -0.008782553196731456,
                0.012674512749891469,
                0.014725529621426179,
                -0.07644324284346996,
                -0.07492942696115791,
                0.0,
                0.00225276477796725,
                -0.0030494964840827215,
                0.0,
                -0.018242049555515488,
                0.002402150744909173,
                0.006081084763848518
            ],
            [
                -0.0006459616077202388,
                0.0005667211766963693,
                -0.005713344790834129,
                -0.000324335389272692,
                0.035533676589418556,
                0.014853096373353391,
                0.028793254692842017,
                0.0042549224746629595,
                -0.007929700403665352,
                0.3450994714502715,
                -0.016167103410317494,
                0.019641006517594484,
                0.0024729147044403846,
                -0.004251974242715189,
                0.04642667831805354,
                0.0,
                -0.026580485072376994,
                0.04261216316467082,
                0.0,
                0.024083653224557536,
                0.008300154489102962,
                0.020811105932855293
            ],
            [
                0.0003184189098417363,
                -0.0009969841965627453,
                1.1390637683901195e-05,
                -0.005370116611472907,
                -0.003523711461510272,
                0.0033062509449700967,
                -0.014342005775904366,
                -0.0050036132099127535,
                -0.008782553196731456,
                -0.016167103410317494,
                0.07140567405157269,
                -0.014865648129934022,
                0.00039102002162470117,
                -0.001937968635993402,
                0.025904541652970937,
                0.0,
                -0.008452485828877246,
                -0.0029939131111590064,
                0.0,
                -0.008356229955197752,
                0.012098248696215619,
                -0.01996097737528523
            ],
            [
                -0.00043522899818231693,
                0.0006895119244164653,
                -0.0007593453025948527,
                -0.022083204333233148,
                -0.0027142666179735247,
                0.018566433040768365,
                -0.021837683080326086,
                -0.0021250359982547535,
                0.012674512749891469,
                0.019641006517594484,
                -0.014865648129934022,
                0.3545690115755073,
                0.006620123868365032,
                -0.004936346897755351,
                -0.07309920460398381,
                0.0,
                0.007799496664576126,
                0.00910988936276319,
                0.0,
                0.012043341260815806,
                0.01556139998765707,
                0.012995776228450225
            ],
            [
                -0.0005335105004553628,
                0.0006243517491806465,
                -0.0006359726278276906,
                -0.0013492592284979274,
                -0.04767636420308468,
                -0.039958533890638005,
                -0.0002160697634147844,
                0.005052987168449743,
                0.014725529621426179,
                0.0024729147044403846,
                0.00039102002162470117,
                0.006620123868365032,
                0.18155882225223938,
                0.01008599221084673,
                -0.03154262578276506,
                0.0,
                0.003612070911461669,
                0.006745037259634661,
                0.0,
                0.010982598039122845,
                -0.02624944232285825,
                0.006374951880313607
            ],
            [
                0.0004873941713323296,
                -0.002418109136237737,
                0.005847869152176672,
                0.020148582650360566,
                0.03414669511872979,
                0.030750643774406256,
                -0.06432539481194743,
                0.039229457122856,
                -0.07644324284346996,
                -0.004251974242715189,
                -0.001937968635993402,
                -0.004936346897755351,
                0.01008599221084673,
                2.4394885374437956,
                0.03223068280790647,
                0.0,
                0.028527172457899746,
                0.009656160370644238,
                0.0,
                -0.11224431476654274,
                -0.32737429295414766,
                -0.01798709859231441
            ],
            [
                2.7309070648515144e-05,
                -0.0006579156176417949,
                -0.004372821423116972,
                0.006156683386040006,
                0.05558800638892422,
                -0.020232816680798425,
                -0.013574468513830379,
                -0.008392627873970394,
                -0.07492942696115791,
                0.04642667831805354,
                0.025904541652970937,
                -0.07309920460398381,
                -0.03154262578276506,
                0.03223068280790647,
                1.3624343947194153,
                0.0,
                -0.051684800984242565,
                0.0616150739841184,
                0.0,
                0.028342809482251555,
                0.019381505525957715,
                0.0018601977263306517
            ],
            [
                0.0,
                0.0,
                0.0,
                0.0,
                0.0,
                0.0,
                0.0,
                0.0,
                0.0,
                0.0,
                0.0,
                0.0,
                0.0,
                0.0,
                0.0,
                0.0,
                0.0,
                0.0,
                0.0,
                0.0,
                0.0,
                0.0
            ],
            [
                0.00012076286667995268,
                -0.0009801309228160816,
                0.002180841802980338,
                -0.0002868357625575846,
                -0.12153709284072618,
                0.0025646060073584004,
                -0.03206395883901028,
                0.0026897573499327474,
                0.00225276477796725,
                -0.026580485072376994,
                -0.008452485828877246,
                0.007799496664576126,
                0.003612070911461669,
                0.028527172457899746,
                -0.051684800984242565,
                0.0,
                0.18100309584231386,
                -0.1380737714416835,
                0.0,
                0.003853776843620247,
                -0.0008233991975619631,
                -0.009339841103751943
            ],
            [
                6.245297258079433e-05,
                -0.0002524053863830127,
                -0.0010803598900864418,
                -0.003618375436172041,
                0.03232161394789737,
                -0.07128666749926646,
                0.03236836684172941,
                -0.00820885484651335,
                -0.0030494964840827215,
                0.04261216316467082,
                -0.0029939131111590064,
                0.00910988936276319,
                0.006745037259634661,
                0.009656160370644238,
                0.0616150739841184,
                0.0,
                -0.1380737714416835,
                0.35376557839759665,
                0.0,
                -0.04129990577723034,
                0.026935399494814872,
                -0.0005067755030544783
            ],
            [
                0.0,
                0.0,
                0.0,
                0.0,
                0.0,
                0.0,
                0.0,
                0.0,
                0.0,
                0.0,
                0.0,
                0.0,
                0.0,
                0.0,
                0.0,
                0.0,
                0.0,
                0.0,
                0.0,
                0.0,
                0.0,
                0.0
            ],
            [
                -0.0005220328837135601,
                0.0004177062767448311,
                -0.0015558576179177674,
                0.013670200161858445,
                -0.06758491513662326,
                0.03554650781408377,
                -0.04234656358173853,
                0.013067351885951433,
                -0.018242049555515488,
                0.024083653224557536,
                -0.008356229955197752,
                0.012043341260815806,
                0.010982598039122845,
                -0.11224431476654274,
                0.028342809482251555,
                0.0,
                0.003853776843620247,
                -0.04129990577723034,
                0.0,
                0.2874192687705509,
                -0.10270170634893916,
                0.009468086211153243
            ],
            [
                -0.0005027077555772087,
                0.0011089242299269055,
                -0.0021247093451852656,
                -0.014494362240032437,
                0.037860665695744394,
                0.004362472781161078,
                -0.03969853320326267,
                0.0017602916660770527,
                0.002402150744909173,
                0.008300154489102962,
                0.012098248696215619,
                0.01556139998765707,
                -0.02624944232285825,
                -0.32737429295414766,
                0.019381505525957715,
                0.0,
                -0.0008233991975619631,
                0.026935399494814872,
                0.0,
                -0.10270170634893916,
                0.9396777947045148,
                0.014471417930746399
            ],
            [
                -0.01772811095964267,
                0.024839252184308293,
                -0.010052842277963764,
                -0.02045152073329016,
                0.035696444789053795,
                -0.009916228388603603,
                -0.01048685231163022,
                -0.009976744628545815,
                0.006081084763848518,
                0.020811105932855293,
                -0.01996097737528523,
                0.012995776228450225,
                0.006374951880313607,
                -0.01798709859231441,
                0.0018601977263306517,
                0.0,
                -0.009339841103751943,
                -0.0005067755030544783,
                0.0,
                0.009468086211153243,
                0.014471417930746399,
                0.7288415718760516
            ]
        ]
    },
    "E1T0": {
        "B": [
            [
                -0.004096073716878213
            ],
            [
                0.028613379956501525
            ],
            [
                -0.029275026464449305
            ],
            [
                0.17017052664844118
            ],
            [
