var MatrixHospRob = {
    "E0T0": {
        "B": [
            [
                0.001367410754335936
            ],
            [
                -0.007957035105382202
            ],
            [
                -0.018976045625007622
            ],
            [
                -0.3183239171813694
            ],
            [
                0.5191218621983625
            ],
            [
                0.285597888715269
            ],
            [
                0.5373086736287556
            ],
            [
                0.0389426956425024
            ],
            [
                0.2863042745908113
            ],
            [
                0.4359103549592293
            ],
            [
                0.325646527935307
            ],
            [
                -0.28113124479553764
            ],
            [
                0.35744907271570214
            ],
            [
                -0.0008640434608632875
            ],
            [
                0.2192020975812674
            ],
            [
                0.1348027947322356
            ],
            [
                -0.017549996745478386
            ],
            [
                0.3618127441998609
            ],
            [
                0.13036676997990326
            ],
            [
                0.3009620151466103
            ],
            [
                0.47332531441286146
            ],
            [
                -1.0556784221765347
            ]
        ],
        "V": [
            [
                3.6202012835869794e-05,
                -4.4905365891305316e-05,
                1.2163370105016531e-05,
                4.9024102254711544e-06,
                -7.698137445023292e-07,
                -3.602439802214304e-06,
                -3.538142762433093e-06,
                4.033852843356622e-06,
                -4.159091659429401e-06,
                3.908902883612795e-06,
                -5.095421880229534e-06,
                9.626992865653309e-06,
                -4.885558072528319e-06,
                -8.15126529019024e-06,
                -3.1495420061556586e-06,
                -7.217483647135642e-07,
                -4.548144364314658e-06,
                2.970860717856537e-06,
                -2.266385567817737e-05,
                -6.626224374008945e-07,
                -7.16234918849806e-06,
                -0.0015275914270839516
            ],
            [
                -4.4905365891305316e-05,
                6.458266679014403e-05,
                -3.005101807384228e-05,
                -2.2825228876329753e-08,
                -8.544025584535973e-06,
                4.931595798689828e-07,
                7.175520984439412e-06,
                -1.673792957522488e-05,
                -2.38332066667909e-06,
                -1.0315485566157688e-05,
                -9.513796569154535e-08,
                -8.163566861645656e-06,
                4.75258141663629e-06,
                8.652784680884364e-06,
                5.065421329866144e-06,
                -4.584517912796006e-06,
                1.0955008434288864e-07,
                -8.69708224221851e-06,
                4.984562966955006e-05,
                -4.6115928950765965e-06,
                1.417810832164641e-05,
                0.0017969541426047498
            ],
            [
                1.2163370105016531e-05,
                -3.005101807384228e-05,
                5.21889056687119e-05,
                -2.5364401338773355e-05,
                1.642070511945109e-05,
                7.841880179202989e-08,
                -1.6452765951422003e-05,
                -7.52345090309943e-06,
                -1.2243922485769116e-05,
                -4.322883543321805e-05,
                6.918588008708194e-06,
                6.861700300329393e-06,
                8.111577371273364e-07,
                -5.879115206312286e-07,
                1.7044949658903302e-05,
                -1.6676781138521082e-06,
                -2.6022872556719467e-05,
                1.0123062375596392e-05,
                -6.208327464592442e-06,
                -2.83116357972871e-05,
                -3.083590469944062e-06,
                -0.00036315462990925667
            ],
            [
                4.9024102254711544e-06,
                -2.2825228876329753e-08,
                -2.5364401338773355e-05,
                0.0013542518812741614,
                0.00027010811875696734,
                0.00014212171132791957,
                5.446127700304814e-05,
                6.722294819886475e-05,
                -1.1259305085269688e-05,
                -1.1146530108412216e-05,
                -4.3731293458191766e-05,
                -0.0004075767660803895,
                2.542914123947672e-05,
                -8.587368562469716e-06,
                5.059209198800884e-05,
                1.6137268531462133e-06,
                5.84297707385284e-06,
                -1.6262586889577245e-05,
                0.00034458274972575426,
                4.6111511727886546e-05,
                8.384964526081414e-05,
                -0.0007511370032291131
            ],
            [
                -7.698137445023292e-07,
                -8.544025584535973e-06,
                1.642070511945109e-05,
                0.00027010811875696734,
                0.00937563751908071,
                8.940017453379355e-05,
                0.00020550958058474593,
                2.892460556914096e-05,
                0.00021694128588415766,
                5.5655506929530926e-05,
                8.989680905235104e-05,
                9.025023304629575e-05,
                4.166307889636536e-05,
                4.243134738499149e-06,
                0.0001781686303967613,
                7.827646581793596e-05,
                -0.003186151127700981,
                2.1490199002305255e-05,
                0.0008235871906892892,
                1.4744045574480611e-05,
                0.0002474394183898318,
                -9.684247396178032e-05
            ],
            [
                -3.602439802214304e-06,
                4.931595798689828e-07,
                7.841880179202989e-08,
                0.00014212171132791957,
                8.940017453379355e-05,
                0.005001898473907074,
                -0.0007823869659353724,
                -0.0001697074883953264,
                -0.00022623942986514688,
                -0.00018259946277473228,
                -0.00013423088912587147,
                -0.0001449831732819287,
                2.4294898972482936e-05,
                -8.4647667093473e-05,
                -0.00026649054090110925,
                -6.226622707653542e-05,
                1.1549602256405949e-05,
                -7.207797999221946e-05,
                0.00010738349891663607,
                -6.900706357858009e-05,
                0.00010546025691395135,
                9.391856175396984e-05
            ],
            [
                -3.538142762433093e-06,
                7.175520984439412e-06,
                -1.6452765951422003e-05,
                5.446127700304814e-05,
                0.00020550958058474593,
                -0.0007823869659353724,
                0.003203233854823446,
                -0.00104943431677669,
                -8.906058268111313e-05,
                -0.00013469062090514867,
                -8.415288862323477e-05,
                -0.00011853783673858493,
                -6.312611966632301e-05,
                -7.040922269748827e-05,
                0.00019648410165489422,
                6.612263743373264e-05,
                -5.0166980873066696e-05,
                0.0002256886395959682,
                -0.0002483468442063146,
                -0.00021439214062261638,
                -0.00037085382771823616,
                3.694837934282506e-05
            ],
            [
                4.033852843356622e-06,
                -1.673792957522488e-05,
                -7.52345090309943e-06,
                6.722294819886475e-05,
                2.892460556914096e-05,
                -0.0001697074883953264,
                -0.00104943431677669,
                0.002451393834108517,
                -0.0003996247382258673,
                -8.693695039162142e-05,
                -0.00026982700282478467,
                -0.00010581980465240461,
                -3.476282125948028e-05,
                -3.890174650613935e-05,
                -4.6606373970842894e-05,
                -0.00023716723509301115,
                -9.603576841689242e-06,
                -8.220305061096446e-05,
                9.759955536275826e-05,
                -0.00022712954256255046,
                1.1486730544873534e-05,
                -0.00016485101754343988
            ],
            [
                -4.159091659429401e-06,
                -2.38332066667909e-06,
                -1.2243922485769116e-05,
                -1.1259305085269688e-05,
                0.00021694128588415766,
                -0.00022623942986514688,
                -8.906058268111313e-05,
                -0.0003996247382258673,
                0.0029999533686526233,
                -0.00036898382023403735,
                -8.600143297622155e-05,
                -8.170115795979388e-05,
                -7.635621488628325e-05,
                -0.00012285593661658648,
                -0.001461510845122025,
                1.653884604656961e-05,
                -0.00015991297274343602,
                -4.205224375667485e-05,
                -4.552517041975659e-05,
                -7.408319932512193e-05,
                -1.5540470031706635e-05,
                0.0001768117736008249
            ],
            [
                3.908902883612795e-06,
                -1.0315485566157688e-05,
                -4.322883543321805e-05,
                -1.1146530108412216e-05,
                5.5655506929530926e-05,
                -0.00018259946277473228,
                -0.00013469062090514867,
                -8.693695039162142e-05,
                -0.00036898382023403735,
                0.009161859760421737,
                -6.871833168953343e-05,
                -8.029090851601235e-05,
                -0.00011591286568186042,
                3.4221193070718284e-05,
                -0.000492113570278603,
                -0.00013972702004480007,
                -4.872155733375731e-05,
                0.0001524308138152659,
                -0.00018614607066393666,
                1.1253130987435946e-05,
                7.633750670646431e-05,
                -0.00015734650045434457
            ],
            [
                -5.095421880229534e-06,
                -9.513796569154535e-08,
                6.918588008708194e-06,
                -4.3731293458191766e-05,
                8.989680905235104e-05,
                -0.00013423088912587147,
                -8.415288862323477e-05,
                -0.00026982700282478467,
                -8.600143297622155e-05,
                -6.871833168953343e-05,
                0.0014219973706932766,
                -0.00019206011132988588,
                -9.360260602508475e-05,
                -3.6884843043914674e-05,
                -8.658402761660035e-05,
                -6.219613754048257e-06,
                -9.015687009435234e-05,
                -1.7473149855221887e-05,
                -9.23835925998444e-05,
                -2.3593123315040504e-05,
                -5.8484117525865416e-06,
                -4.291189424264663e-05
            ],
            [
                9.626992865653309e-06,
                -8.163566861645656e-06,
                6.861700300329393e-06,
                -0.0004075767660803895,
                9.025023304629575e-05,
                -0.0001449831732819287,
                -0.00011853783673858493,
                -0.00010581980465240461,
                -8.170115795979388e-05,
                -8.029090851601235e-05,
                -0.00019206011132988588,
                0.005206436397703787,
                -0.0001552454955237536,
                -5.636665921061267e-05,
                -3.7714128911020644e-05,
                -3.9462953633148335e-05,
                -0.00012362278933638316,
                -7.3489560098407304e-06,
                0.00011355411191829582,
                -6.861916430256304e-05,
                -3.669480474618268e-05,
                -0.0004639756498272722
            ],
            [
                -4.885558072528319e-06,
                4.75258141663629e-06,
                8.111577371273364e-07,
                2.542914123947672e-05,
                4.166307889636536e-05,
                2.4294898972482936e-05,
                -6.312611966632301e-05,
                -3.476282125948028e-05,
                -7.635621488628325e-05,
                -0.00011591286568186042,
                -9.360260602508475e-05,
                -0.0001552454955237536,
                0.006034653531891178,
                1.3739830620156277e-05,
                -3.1646805924182934e-05,
                1.3934054134204764e-05,
                -5.6054426407185456e-05,
                -1.984244063433566e-05,
                -3.690748013208533e-05,
                -4.489614720818114e-05,
                0.0001125261755724499,
                -2.5378796523657815e-05
            ],
            [
                -8.15126529019024e-06,
                8.652784680884364e-06,
                -5.879115206312286e-07,
                -8.587368562469716e-06,
                4.243134738499149e-06,
                -8.4647667093473e-05,
                -7.040922269748827e-05,
                -3.890174650613935e-05,
                -0.00012285593661658648,
                3.4221193070718284e-05,
                -3.6884843043914674e-05,
                -5.636665921061267e-05,
                1.3739830620156277e-05,
                0.0018832219028575754,
                2.127893476342196e-05,
                -0.001284117237226954,
                -3.877070955941325e-05,
                -3.988317559701669e-06,
                0.00015032790126758214,
                4.9187473649587455e-05,
                -6.0795761968224685e-05,
                -9.474171219078925e-06
            ],
            [
                -3.1495420061556586e-06,
                5.065421329866144e-06,
                1.7044949658903302e-05,
                5.059209198800884e-05,
                0.0001781686303967613,
                -0.00026649054090110925,
                0.00019648410165489422,
                -4.6606373970842894e-05,
                -0.001461510845122025,
                -0.000492113570278603,
                -8.658402761660035e-05,
                -3.7714128911020644e-05,
                -3.1646805924182934e-05,
                2.127893476342196e-05,
                0.016824176834480294,
                -0.00019222608204418437,
                -9.454706731910957e-05,
                -6.476212633398455e-05,
                -0.0003609616181658921,
                -3.0140274176661334e-05,
                -9.20794234544578e-05,
                2.6974270418034536e-05
            ],
            [
                -7.217483647135642e-07,
                -4.584517912796006e-06,
                -1.6676781138521082e-06,
                1.6137268531462133e-06,
                7.827646581793596e-05,
                -6.226622707653542e-05,
                6.612263743373264e-05,
                -0.00023716723509301115,
                1.653884604656961e-05,
                -0.00013972702004480007,
                -6.219613754048257e-06,
                -3.9462953633148335e-05,
                1.3934054134204764e-05,
                -0.001284117237226954,
                -0.00019222608204418437,
                0.0037266174190402537,
                3.065279797227829e-05,
                -8.28804815405245e-05,
                -0.0002946760963216635,
                -0.00086348703711201,
                -0.00026919398701880673,
                0.0001829252671680476
            ],
            [
                -4.548144364314658e-06,
                1.0955008434288864e-07,
                -2.6022872556719467e-05,
                5.84297707385284e-06,
                -0.003186151127700981,
                1.1549602256405949e-05,
                -5.0166980873066696e-05,
                -9.603576841689242e-06,
                -0.00015991297274343602,
                -4.872155733375731e-05,
                -9.015687009435234e-05,
                -0.00012362278933638316,
                -5.6054426407185456e-05,
                -3.877070955941325e-05,
                -9.454706731910957e-05,
                3.065279797227829e-05,
                0.003973292063766061,
                -0.002273303156061676,
                -0.0009719512980572833,
                -1.8107345346696255e-05,
                -0.00018844143065116362,
                6.512130409127544e-05
            ],
            [
                2.970860717856537e-06,
                -8.69708224221851e-06,
                1.0123062375596392e-05,
                -1.6262586889577245e-05,
                2.1490199002305255e-05,
                -7.207797999221946e-05,
                0.0002256886395959682,
                -8.220305061096446e-05,
                -4.205224375667485e-05,
                0.0001524308138152659,
                -1.7473149855221887e-05,
                -7.3489560098407304e-06,
                -1.984244063433566e-05,
                -3.988317559701669e-06,
                -6.476212633398455e-05,
                -8.28804815405245e-05,
                -0.002273303156061676,
                0.013195417437535046,
                0.00018374297431576257,
                1.945449229731671e-05,
                -0.00010781314337280491,
                -7.847361257302324e-05
            ],
            [
                -2.266385567817737e-05,
                4.984562966955006e-05,
                -6.208327464592442e-06,
                0.00034458274972575426,
                0.0008235871906892892,
                0.00010738349891663607,
                -0.0002483468442063146,
                9.759955536275826e-05,
                -4.552517041975659e-05,
                -0.00018614607066393666,
                -9.23835925998444e-05,
                0.00011355411191829582,
                -3.690748013208533e-05,
                0.00015032790126758214,
                -0.0003609616181658921,
                -0.0002946760963216635,
                -0.0009719512980572833,
                0.00018374297431576257,
                0.047881731594787126,
                -0.00018550385140409008,
                0.00034125939409305035,
                0.00035630504169665385
            ],
            [
                -6.626224374008945e-07,
                -4.6115928950765965e-06,
                -2.83116357972871e-05,
                4.6111511727886546e-05,
                1.4744045574480611e-05,
                -6.900706357858009e-05,
                -0.00021439214062261638,
                -0.00022712954256255046,
                -7.408319932512193e-05,
                1.1253130987435946e-05,
                -2.3593123315040504e-05,
                -6.861916430256304e-05,
                -4.489614720818114e-05,
                4.9187473649587455e-05,
                -3.0140274176661334e-05,
                -0.00086348703711201,
                -1.8107345346696255e-05,
                1.945449229731671e-05,
                -0.00018550385140409008,
                0.0032711301985644103,
                -0.001257743869318247,
                -2.1489686522900984e-05
            ],
            [
                -7.16234918849806e-06,
                1.417810832164641e-05,
                -3.083590469944062e-06,
                8.384964526081414e-05,
                0.0002474394183898318,
                0.00010546025691395135,
                -0.00037085382771823616,
                1.1486730544873534e-05,
                -1.5540470031706635e-05,
                7.633750670646431e-05,
                -5.8484117525865416e-06,
                -3.669480474618268e-05,
                0.0001125261755724499,
                -6.0795761968224685e-05,
                -9.20794234544578e-05,
                -0.00026919398701880673,
                -0.00018844143065116362,
                -0.00010781314337280491,
                0.00034125939409305035,
                -0.001257743869318247,
                0.00995227642846101,
                0.0001468519164943922
            ],
            [
                -0.0015275914270839516,
                0.0017969541426047498,
                -0.00036315462990925667,
                -0.0007511370032291131,
                -9.684247396178032e-05,
                9.391856175396984e-05,
                3.694837934282506e-05,
                -0.00016485101754343988,
                0.0001768117736008249,
                -0.00015734650045434457,
                -4.291189424264663e-05,
                -0.0004639756498272722,
                -2.5378796523657815e-05,
                -9.474171219078925e-06,
                2.6974270418034536e-05,
                0.0001829252671680476,
                6.512130409127544e-05,
                -7.847361257302324e-05,
                0.00035630504169665385,
                -2.1489686522900984e-05,
                0.0001468519164943922,
                0.06639448642788576
            ]
        ]
    },
    "E1T0": {
        "B": [
            [
                0.009184738281025888
            ],
            [
                -0.029459332564508552
            ],
            [
                -0.002098698775719255
            ],
            [
                0.15405281319187758
            ],
            [
                -0.025244204844312265
            ],
            [
                0.17487185370530367
            ],
            [
                0.41514710053177273
            ],
            [
                0.13812387989232097
            ],
            [
                0.18961484481464283
            ],
            [
                0.2541707848195182
            ],
            [
                0.2455258649989206
            ],
            [
                0.05488897420803797
            ],
            [
                0.2758350857515789
            ],
            [
                0.07927690260755746
            ],
            [
                0.14593384734228235
            ],
            [
                0.10601494272376266
            ],
            [
                0.07691155185117605
            ],
            [
                0.10327615208431332
            ],
            [
                -0.6611183491682757
            ],
            [
                0.11414300174025957
            ],
            [
                0.2781843441767493
            ],
            [
                -0.687891481925425
            ]
        ],
        "V": [
            [
                2.76473823261972e-05,
                -3.6373718275741035e-05,
                1.2731150541681108e-05,
                -8.71586578586658e-07,
                7.378430605292386e-06,
                -6.507918172608354e-06,
                -2.0559366544098524e-07,
                -2.822342576867506e-06,
                -2.6545244262239488e-06,
                2.7603080805488233e-06,
                -4.7424207644477256e-07,
                -1.0310459167166218e-05,
                -4.224540552785802e-06,
                -1.3587009872835477e-05,
                1.0046134293870171e-05,
                1.7425882784961319e-06,
                -3.882043043829142e-06,
                -3.54904602867204e-06,
                -5.038468491017954e-05,
                -2.8697193386742445e-06,
                1.3917488598673008e-06,
                -0.0011360086610354052
            ],
            [
                -3.6373718275741035e-05,
                5.673993897330663e-05,
                -3.3115690968777004e-05,
                6.046114238610815e-06,
                -2.1125375295195188e-05,
                4.021343089832419e-06,
                -3.5331259782100905e-06,
                -7.698598755426153e-06,
                -8.250394469745186e-06,
                -1.2408852212457599e-05,
                -1.0873613862815112e-05,
                8.202819529614099e-06,
                -4.971173382297347e-07,
                5.3357528141450205e-06,
                9.829014436192791e-07,
                -3.7420587529922945e-06,
                -9.664670752873353e-06,
                1.2296003882507982e-06,
                9.752513685764156e-05,
                -2.9256380318251575e-06,
                5.17261051956282e-07,
                0.0014189205426401751
            ],
            [
                1.2731150541681108e-05,
                -3.3115690968777004e-05,
                6.753859330408737e-05,
                -6.6479631117777756e-06,
                8.936642899039439e-06,
                -8.01951535118806e-06,
                1.114920701068368e-06,
                -2.683856366298026e-05,
                -1.581858015217593e-05,
                -4.965491925583765e-05,
                1.1553272566771289e-05,
                -8.268664522664603e-06,
                4.398011126089421e-06,
                4.56649045500323e-06,
                -2.8241656317124044e-05,
                -2.7108859489482754e-06,
                -2.313708438160327e-05,
                1.5407471402266062e-05,
                -3.400061156154177e-05,
                -3.91495505322719e-05,
                1.477444331667608e-05,
                -0.0004066800086977231
            ],
            [
                -8.71586578586658e-07,
                6.046114238610815e-06,
                -6.6479631117777756e-06,
                0.0016544911572279756,
                0.00026016000706472034,
                0.00011739388059618341,
                4.8351300178692645e-05,
                0.00011843570546229713,
                2.80282135110882e-05,
                -7.653829439098273e-05,
                -0.00010257660033743955,
                -0.00029635009584635306,
                -4.3283233881308274e-05,
                0.00011348618443547284,
                2.745896572836948e-05,
                7.984767494130698e-05,
                -3.84344266218023e-05,
                1.745772076050837e-05,
                1.1618754252716148e-05,
                4.206793420986925e-05,
                4.315790582332331e-05,
                -0.0006045695307979659
            ],
            [
                7.378430605292386e-06,
                -2.1125375295195188e-05,
                8.936642899039439e-06,
                0.00026016000706472034,
                0.0471708571486048,
                -1.72049785346016e-05,
                0.0001690931965060566,
                0.0003160046805588267,
                0.00015988221728488193,
                0.00020832549696973068,
                0.0003403152519251568,
                4.755072699655524e-06,
                0.00013690699947919698,
                0.00015600676035067178,
                -0.0001801580484263758,
                -0.00018074998458252536,
                -0.005400610802772107,
                0.000559182921965398,
                0.001330413050196428,
                0.0002618464229264218,
                0.00013055654640171856,
                -0.0004903506283956093
            ],
            [
                -6.507918172608354e-06,
                4.021343089832419e-06,
                -8.01951535118806e-06,
                0.00011739388059618341,
                -1.72049785346016e-05,
                0.0075562128537156594,
                -0.000973033009119369,
                -0.0002719716714119296,
                -0.0003179327397754983,
                -4.305170326360293e-05,
                -0.00018074907429918314,
                1.3611716320552749e-05,
                -5.8708630453617434e-05,
                -9.125913860180893e-05,
                2.625018339672325e-05,
                -0.00012886761409110697,
                -2.178221495409296e-05,
                -4.037835594877322e-05,
                -3.899368910048305e-05,
                -0.0003056008956710498,
                -0.0001840146973668125,
                0.00019906151897128432
            ],
            [
                -2.0559366544098524e-07,
                -3.5331259782100905e-06,
                1.114920701068368e-06,
                4.8351300178692645e-05,
                0.0001690931965060566,
                -0.000973033009119369,
                0.004329016846375648,
                -0.0015268259000021784,
                -6.737144949008349e-05,
                6.41095357447764e-05,
                -0.0002856581694048072,
                -1.612804269383691e-05,
                4.5148720918136476e-05,
                -8.424262793587918e-05,
                1.386048269445859e-07,
                -5.3157149302621996e-05,
                5.927269804306137e-05,
                -4.664537552931955e-05,
                0.0006460421626706807,
                -0.00032747794237793107,
                -0.0001558308457692237,
                -8.768564731467164e-05
            ],
            [
                -2.822342576867506e-06,
                -7.698598755426153e-06,
                -2.683856366298026e-05,
                0.00011843570546229713,
                0.0003160046805588267,
                -0.0002719716714119296,
                -0.0015268259000021784,
                0.003724489079936592,
                -0.0005413771281339199,
                -0.00011540538166949622,
                -0.0002721102466641872,
                -0.00012994399600130963,
                4.734393013047946e-05,
                -8.892564478652648e-05,
                -7.913754588282764e-05,
                -0.0003727265736419861,
                -0.00016672348127150208,
                8.827899876316931e-05,
                -0.00016467935368670578,
                -0.00034493772038838075,
                -7.715602310292375e-05,
                7.068422506872321e-05
            ],
            [
                -2.6545244262239488e-06,
                -8.250394469745186e-06,
                -1.581858015217593e-05,
                2.80282135110882e-05,
                0.00015988221728488193,
                -0.0003179327397754983,
                -6.737144949008349e-05,
                -0.0005413771281339199,
                0.004574282449136985,
                -0.00038058109045050316,
                -0.00012220092571788293,
                -0.0003040605685791975,
                -0.00017630578111146484,
                -6.078891600580092e-05,
                -0.002079137177104841,
                -8.002850261373857e-05,
                -0.0001661190319829419,
                3.0571499007340205e-05,
                0.0005527401453060942,
                3.4353709248380046e-05,
                -5.46281819015216e-05,
                6.050173641242728e-05
            ],
            [
                2.7603080805488233e-06,
                -1.2408852212457599e-05,
                -4.965491925583765e-05,
                -7.653829439098273e-05,
                0.00020832549696973068,
                -4.305170326360293e-05,
                6.41095357447764e-05,
                -0.00011540538166949622,
                -0.00038058109045050316,
                0.010550770313046912,
                -8.238437786194496e-05,
                -2.4488033569514834e-05,
                2.827892494036734e-05,
                0.0001419258099905621,
                -4.1376718917822265e-05,
                -8.53535647538222e-05,
                3.333315559300312e-05,
                -0.0002165208283426872,
                0.0006480629796236111,
                0.00014950424439125974,
                1.7907438936637755e-05,
                -0.00024244745609977648
            ],
            [
                -4.7424207644477256e-07,
                -1.0873613862815112e-05,
                1.1553272566771289e-05,
                -0.00010257660033743955,
                0.0003403152519251568,
                -0.00018074907429918314,
                -0.0002856581694048072,
                -0.0002721102466641872,
                -0.00012220092571788293,
                -8.238437786194496e-05,
                0.0020520181363995766,
                -0.00019100426517151576,
                -4.6603991405667916e-05,
                -8.767525017093562e-05,
                -0.00011885882503621923,
                3.6685852804189407e-06,
                -0.00015065967666401042,
                -5.957746430201753e-06,
                -0.0007773376577565687,
                -4.8835422768050964e-05,
                9.09011300418736e-05,
                -0.00020097164695876397
            ],
            [
                -1.0310459167166218e-05,
                8.202819529614099e-06,
                -8.268664522664603e-06,
                -0.00029635009584635306,
                4.755072699655524e-06,
                1.3611716320552749e-05,
                -1.612804269383691e-05,
                -0.00012994399600130963,
                -0.0003040605685791975,
                -2.4488033569514834e-05,
                -0.00019100426517151576,
                0.012935792451721337,
                3.908471798895371e-05,
                -0.00013010948395730682,
                9.480123896349874e-05,
                9.032805075286363e-05,
                -7.597422340724277e-05,
                0.0001488936541846505,
                -0.0016639367713232023,
                -0.0003028192967607671,
                -8.393569787967911e-05,
                0.0003782175183670455
            ],
            [
                -4.224540552785802e-06,
                -4.971173382297347e-07,
                4.398011126089421e-06,
                -4.3283233881308274e-05,
                0.00013690699947919698,
                -5.8708630453617434e-05,
                4.5148720918136476e-05,
                4.734393013047946e-05,
                -0.00017630578111146484,
                2.827892494036734e-05,
                -4.6603991405667916e-05,
                3.908471798895371e-05,
                0.006179701913906737,
                -1.721573031497818e-05,
                -0.00028489152536147953,
                4.428641113995924e-07,
                9.188251146654542e-06,
                6.120853884147091e-05,
                -0.0002092776521855875,
                -0.00012944409392872858,
                3.5316086661502743e-06,
                -9.696737179181074e-05
            ],
            [
                -1.3587009872835477e-05,
                5.3357528141450205e-06,
                4.56649045500323e-06,
                0.00011348618443547284,
                0.00015600676035067178,
                -9.125913860180893e-05,
                -8.424262793587918e-05,
                -8.892564478652648e-05,
                -6.078891600580092e-05,
                0.0001419258099905621,
                -8.767525017093562e-05,
                -0.00013010948395730682,
                -1.721573031497818e-05,
                0.0028566095625709863,
                -7.475326266505843e-05,
                -0.0019147083442178667,
                -9.08872605293101e-05,
                0.000170499565898516,
                -0.0001904319100513139,
                9.29103380380567e-06,
                2.2973350936743717e-05,
                0.0002703680228187327
            ],
            [
                1.0046134293870171e-05,
                9.829014436192791e-07,
                -2.8241656317124044e-05,
                2.745896572836948e-05,
                -0.0001801580484263758,
                2.625018339672325e-05,
                1.386048269445859e-07,
                -7.913754588282764e-05,
                -0.002079137177104841,
                -4.1376718917822265e-05,
                -0.00011885882503621923,
                9.480123896349874e-05,
                -0.00028489152536147953,
                -7.475326266505843e-05,
                0.032221171735899494,
                -8.012854729019666e-05,
                5.94561169146152e-05,
                0.00045797901649047664,
                0.00011627168963104406,
                -0.0003636933414320631,
                -0.0003910381713987518,
                -0.0006081698214734715
            ],
            [
                1.7425882784961319e-06,
                -3.7420587529922945e-06,
                -2.7108859489482754e-06,
                7.984767494130698e-05,
                -0.00018074998458252536,
                -0.00012886761409110697,
                -5.3157149302621996e-05,
                -0.0003727265736419861,
                -8.002850261373857e-05,
                -8.53535647538222e-05,
                3.6685852804189407e-06,
                9.032805075286363e-05,
                4.428641113995924e-07,
                -0.0019147083442178667,
                -8.012854729019666e-05,
                0.006136619506422216,
                0.00012942239406043247,
                -0.00024588679977175003,
                -9.187138783608915e-05,
                -0.0011804881544436163,
                -0.0002084785656696436,
                -2.944077757838219e-05
            ],
            [
                -3.882043043829142e-06,
                -9.664670752873353e-06,
                -2.313708438160327e-05,
                -3.84344266218023e-05,
                -0.005400610802772107,
                -2.178221495409296e-05,
                5.927269804306137e-05,
                -0.00016672348127150208,
                -0.0001661190319829419,
                3.333315559300312e-05,
                -0.00015065967666401042,
                -7.597422340724277e-05,
                9.188251146654542e-06,
                -9.08872605293101e-05,
                5.94561169146152e-05,
                0.00012942239406043247,
                0.0068011837046466055,
                -0.005229187782002623,
                -0.0016193192286828055,
                -0.00012534658344403793,
                5.897565400871748e-05,
                9.45770786011725e-05
            ],
            [
                -3.54904602867204e-06,
                1.2296003882507982e-06,
                1.5407471402266062e-05,
                1.745772076050837e-05,
                0.000559182921965398,
                -4.037835594877322e-05,
                -4.664537552931955e-05,
                8.827899876316931e-05,
                3.0571499007340205e-05,
                -0.0002165208283426872,
                -5.957746430201753e-06,
                0.0001488936541846505,
                6.120853884147091e-05,
                0.000170499565898516,
                0.00045797901649047664,
