var MatrixDeathRob = {
    "E0T0": {
        "B": [
            [
                0.004951213580449898
            ],
            [
                -0.04071724942675283
            ],
            [
                0.061929016851802306
            ],
            [
                -0.5345602656182964
            ],
            [
                0.7365261132901212
            ],
            [
                -0.13385564792527774
            ],
            [
                0.655056323799274
            ],
            [
                -0.06294794289039593
            ],
            [
                0.01621356046070394
            ],
            [
                0.3241203740674736
            ],
            [
                -0.14914907795806145
            ],
            [
                -0.49370159531476454
            ],
            [
                0.310160452782137
            ],
            [
                -0.0757830172157468
            ],
            [
                0.3549085365947723
            ],
            [
                -0.17901022874382239
            ],
            [
                0.5852940765902211
            ],
            [
                0.9658439264023232
            ],
            [
                0.3900314473532193
            ],
            [
                -0.023234771391436617
            ],
            [
                0.5636821335411485
            ],
            [
                -2.8447200083770494
            ]
        ],
        "V": [
            [
                0.0005130884415924323,
                -0.0005897736152726765,
                0.00010528338589482056,
                0.00014652942385196596,
                3.6886136378964734e-05,
                9.593137319397621e-05,
                -9.939278619146535e-05,
                4.7606652833149794e-05,
                -0.00014546211364041182,
                0.0001719526338681192,
                -0.00012619216618196366,
                0.0001621989091538914,
                -0.0001924898011829852,
                9.968899943466384e-06,
                -5.228871732657699e-05,
                -4.0942915476573864e-05,
                -5.1056020769892595e-05,
                -3.316709944294364e-05,
                -0.00039044460966276514,
                2.6069851036782587e-06,
                2.410691170775408e-05,
                -0.02235248328230301
            ],
            [
                -0.0005897736152726765,
                0.0007295697017821583,
                -0.00021394268136785917,
                -0.00010986794079984559,
                -0.00015914159875258035,
                -0.00011307458205198507,
                8.50194519074491e-05,
                -8.935678285432018e-05,
                0.00012503301664921747,
                -0.000261063667892005,
                0.00014059665492880853,
                -9.984818915590701e-05,
                0.00020804042472130613,
                -4.594656495993804e-05,
                0.0001122369726511283,
                2.474448301706812e-05,
                5.526415933937878e-05,
                1.9176930627241157e-06,
                0.0007071995671167149,
                -9.620900248893884e-06,
                1.5974743989855813e-05,
                0.0251381633700987
            ],
            [
                0.00010528338589482056,
                -0.00021394268136785917,
                0.00032177333004632184,
                -0.00025393033064165986,
                0.00014077664817725895,
                -0.00011541171505481532,
                6.605503441765796e-07,
                -9.86440994223904e-05,
                -2.6437194793849512e-05,
                7.036243977325633e-05,
                7.059029252858545e-05,
                1.6556684467418083e-05,
                -3.867067225109242e-05,
                0.00010965009318368784,
                0.00013355692987055104,
                -5.315812400673966e-05,
                -0.00019520254603867232,
                -8.319882089102268e-06,
                -0.0003412755796958568,
                -0.0002106299627702967,
                -0.00011084841417563332,
                -0.0037243468605880708
            ],
            [
                0.00014652942385196596,
                -0.00010986794079984559,
                -0.00025393033064165986,
                0.011100998590390905,
                0.000874349261861319,
                0.0015107038153255054,
                -5.630297193155695e-05,
                0.0007730872819257587,
                -0.0002478963184370664,
                -0.00021153551098542623,
                -0.0006097625259889733,
                -0.003943171544767925,
                -6.43094448040492e-05,
                -0.0005003275370222199,
                -0.0010562388525601112,
                0.0005652253272955824,
                0.0006931184549945738,
                -0.0008072862363691686,
                0.001161692158829534,
                0.0004171418823499801,
                -8.718063667316147e-05,
                -0.009366317043948243
            ],
            [
                3.6886136378964734e-05,
                -0.00015914159875258035,
                0.00014077664817725895,
                0.000874349261861319,
                0.02682085360169127,
                -0.00047507897160865544,
                0.0010058425950817097,
                0.00042668428925389583,
                0.0017339472542633912,
                0.0006899380923730987,
                0.0003059598196833475,
                -0.0022741930300509694,
                0.0011098886371653438,
                2.508584718121554e-06,
                0.0026385904650532426,
                -0.000879619999209134,
                -0.013005897447000439,
                -0.001849160489688627,
                0.005553453555090975,
                0.0010331746159420706,
                0.0017422042235478703,
                -0.0011621947245956214
            ],
            [
                9.593137319397621e-05,
                -0.00011307458205198507,
                -0.00011541171505481532,
                0.0015107038153255054,
                -0.00047507897160865544,
                0.031858983276542796,
                -0.0044633172492755885,
                -0.0003233209631046166,
                -0.003422657860936209,
                -0.0022030511356665784,
                -0.0011851180436400638,
                -0.0013736233715367985,
                0.000579612705286998,
                -0.0005749280604116866,
                -0.0038609655312916904,
                -0.001551866726595454,
                0.000461969041739754,
                0.0006764019850003755,
                0.008056480445632164,
                0.00016272600933262143,
                -0.0024567654984295464,
                -0.004279350087163229
            ],
            [
                -9.939278619146535e-05,
                8.50194519074491e-05,
                6.605503441765796e-07,
                -5.630297193155695e-05,
                0.0010058425950817097,
                -0.0044633172492755885,
                0.018073300561072998,
                -0.007124998057269259,
                -0.0006952867379044401,
                -0.0007142154091428121,
                -0.0006898913109617173,
                0.0006226870202073401,
                -0.0005965788586118653,
                -0.000530580148262494,
                0.0010297769346001727,
                0.0006785032497218153,
                0.0009841076631244997,
                -0.0009881146010007023,
                -0.0027310256246660344,
                -0.0021188573490110935,
                -0.0005628043356241855,
                0.0038303795873109044
            ],
            [
                4.7606652833149794e-05,
                -8.935678285432018e-05,
                -9.86440994223904e-05,
                0.0007730872819257587,
                0.00042668428925389583,
                -0.0003233209631046166,
                -0.007124998057269259,
                0.015638096912860354,
                -0.0022530306667842698,
                -0.0009883245135183607,
                -0.001663296223157659,
                -0.0006517699011545499,
                -0.0005185069373634394,
                -0.0003056261407675086,
                0.001313549922257652,
                -0.0007130946524547769,
                -0.0014027717080913262,
                0.0009245450829196449,
                -0.0013874790688715266,
                -0.0017268123190060758,
                -0.0005308252853971293,
                -0.0022524368684128234
            ],
            [
                -0.00014546211364041182,
                0.00012503301664921747,
                -2.6437194793849512e-05,
                -0.0002478963184370664,
                0.0017339472542633912,
                -0.003422657860936209,
                -0.0006952867379044401,
                -0.0022530306667842698,
                0.018635447723627324,
                -0.0028793432482901666,
                -0.0011392666727479,
                -0.0019057107315113909,
                -0.0012550688129208004,
                -0.0015282784545139487,
                -0.005864876461665987,
                0.00021948247516172337,
                -0.000800650731879757,
                0.0005545730354160541,
                -0.002086497541920565,
                0.000664342690940292,
                -0.0007433542641958808,
                0.006565808175143376
            ],
            [
                0.0001719526338681192,
                -0.000261063667892005,
                7.036243977325633e-05,
                -0.00021153551098542623,
                0.0006899380923730987,
                -0.0022030511356665784,
                -0.0007142154091428121,
                -0.0009883245135183607,
                -0.0028793432482901666,
                0.03758630337932341,
                8.752340909530201e-05,
                0.001344978079395186,
                -0.0008199599594350901,
                0.0003202685970587384,
                -0.006720704255970597,
                -0.000507454411726559,
                -0.0009841359997332284,
                0.00018686773980801526,
                0.00641657175629615,
                0.001040968716602864,
                -0.0011684684619483916,
                -0.007501218572964118
            ],
            [
                -0.00012619216618196366,
                0.00014059665492880853,
                7.059029252858545e-05,
                -0.0006097625259889733,
                0.0003059598196833475,
                -0.0011851180436400638,
                -0.0006898913109617173,
                -0.001663296223157659,
                -0.0011392666727479,
                8.752340909530201e-05,
                0.009526725638108555,
                -0.0002829150157823881,
                -0.0007872351190596735,
                -0.0005692544677033673,
                -0.0011548803248962632,
                0.0008379668016210751,
                -0.001012112309850807,
                -0.000878104122772649,
                -0.0005674111765268446,
                -0.0009745518031784159,
                -0.000930369945273759,
                0.003876132988162979
            ],
            [
                0.0001621989091538914,
                -9.984818915590701e-05,
                1.6556684467418083e-05,
                -0.003943171544767925,
                -0.0022741930300509694,
                -0.0013736233715367985,
                0.0006226870202073401,
                -0.0006517699011545499,
                -0.0019057107315113909,
                0.001344978079395186,
                -0.0002829150157823881,
                0.05159452200593758,
                -0.0011517750300688529,
                0.00012710893633784414,
                0.00045765390594661854,
                0.0003273626155448769,
                0.0024572805425667277,
                -0.0031149158837816757,
                -0.001318846609456651,
                -0.0020010875058501048,
                -0.003145412450482772,
                -0.00872322521973994
            ],
            [
                -0.0001924898011829852,
                0.00020804042472130613,
                -3.867067225109242e-05,
                -6.43094448040492e-05,
                0.0011098886371653438,
                0.000579612705286998,
                -0.0005965788586118653,
                -0.0005185069373634394,
                -0.0012550688129208004,
                -0.0008199599594350901,
                -0.0007872351190596735,
                -0.0011517750300688529,
                0.032019387243645135,
                0.0008047571406018091,
                -0.0014237838659273833,
                1.3146083693295278e-05,
                -0.0009096440383835045,
                0.00010275162006456288,
                0.0028422585468403437,
                5.292215166792425e-05,
                0.0013468398796013374,
                0.007087382797279336
            ],
            [
                9.968899943466384e-06,
                -4.594656495993804e-05,
                0.00010965009318368784,
                -0.0005003275370222199,
                2.508584718121554e-06,
                -0.0005749280604116866,
                -0.000530580148262494,
                -0.0003056261407675086,
                -0.0015282784545139487,
                0.0003202685970587384,
                -0.0005692544677033673,
                0.00012710893633784414,
                0.0008047571406018091,
                0.011980177297030244,
                -0.00048750365206552194,
                -0.00837640381551617,
                -0.000578005814732777,
                0.0011124987356974849,
                0.0015940952580811181,
                0.000663360861786686,
                0.0008729756916859495,
                -0.0021783433214308608
            ],
            [
                -5.228871732657699e-05,
                0.0001122369726511283,
                0.00013355692987055104,
                -0.0010562388525601112,
                0.0026385904650532426,
                -0.0038609655312916904,
                0.0010297769346001727,
                0.001313549922257652,
                -0.005864876461665987,
                -0.006720704255970597,
                -0.0011548803248962632,
                0.00045765390594661854,
                -0.0014237838659273833,
                -0.00048750365206552194,
                0.07644942850789313,
                -0.0017799927195945695,
                -0.0021318493553005857,
                -0.0019392062131043317,
                -0.0016459861612401442,
                -0.0021591687935821687,
                0.0017890936940896595,
                0.0017566121099374585
            ],
            [
                -4.0942915476573864e-05,
                2.474448301706812e-05,
                -5.315812400673966e-05,
                0.0005652253272955824,
                -0.000879619999209134,
                -0.001551866726595454,
                0.0006785032497218153,
                -0.0007130946524547769,
                0.00021948247516172337,
                -0.000507454411726559,
                0.0008379668016210751,
                0.0003273626155448769,
                1.3146083693295278e-05,
                -0.00837640381551617,
                -0.0017799927195945695,
                0.025461911483921497,
                0.001658097528190317,
                -0.00255603113146114,
                -0.005734041347553889,
                -0.005526525709513263,
                -0.0027840083484555046,
                0.002231281812707311
            ],
            [
                -5.1056020769892595e-05,
                5.526415933937878e-05,
                -0.00019520254603867232,
                0.0006931184549945738,
                -0.013005897447000439,
                0.000461969041739754,
                0.0009841076631244997,
                -0.0014027717080913262,
                -0.000800650731879757,
                -0.0009841359997332284,
                -0.001012112309850807,
                0.0024572805425667277,
                -0.0009096440383835045,
                -0.000578005814732777,
                -0.0021318493553005857,
                0.001658097528190317,
                0.018638297369447606,
                -0.007603850924049685,
                -0.007562483432793624,
                -0.00024891582523190944,
                -0.002920990709276459,
                0.0005472573221358679
            ],
            [
                -3.316709944294364e-05,
                1.9176930627241157e-06,
                -8.319882089102268e-06,
                -0.0008072862363691686,
                -0.001849160489688627,
                0.0006764019850003755,
                -0.0009881146010007023,
                0.0009245450829196449,
                0.0005545730354160541,
                0.00018686773980801526,
                -0.000878104122772649,
                -0.0031149158837816757,
                0.00010275162006456288,
                0.0011124987356974849,
                -0.0019392062131043317,
                -0.00255603113146114,
                -0.007603850924049685,
                0.032048875125089075,
                0.0010655089110082647,
                0.0007116808170324613,
                0.0004110762490469762,
                0.0022590978255546458
            ],
            [
                -0.00039044460966276514,
                0.0007071995671167149,
                -0.0003412755796958568,
                0.001161692158829534,
                0.005553453555090975,
                0.008056480445632164,
                -0.0027310256246660344,
                -0.0013874790688715266,
                -0.002086497541920565,
                0.00641657175629615,
                -0.0005674111765268446,
                -0.001318846609456651,
                0.0028422585468403437,
                0.0015940952580811181,
                -0.0016459861612401442,
                -0.005734041347553889,
                -0.007562483432793624,
                0.0010655089110082647,
                0.15828114530807344,
                -7.617942865862622e-05,
                0.0028735997772331608,
                0.013055233732106597
            ],
            [
                2.6069851036782587e-06,
                -9.620900248893884e-06,
                -0.0002106299627702967,
                0.0004171418823499801,
                0.0010331746159420706,
                0.00016272600933262143,
                -0.0021188573490110935,
                -0.0017268123190060758,
                0.000664342690940292,
                0.001040968716602864,
                -0.0009745518031784159,
                -0.0020010875058501048,
                5.292215166792425e-05,
                0.000663360861786686,
                -0.0021591687935821687,
                -0.005526525709513263,
                -0.00024891582523190944,
                0.0007116808170324613,
                -7.617942865862622e-05,
                0.02119238119377532,
                -0.010160106678828978,
                -0.0006422583878253085
            ],
            [
                2.410691170775408e-05,
                1.5974743989855813e-05,
                -0.00011084841417563332,
                -8.718063667316147e-05,
                0.0017422042235478703,
                -0.0024567654984295464,
                -0.0005628043356241855,
                -0.0005308252853971293,
                -0.0007433542641958808,
                -0.0011684684619483916,
                -0.000930369945273759,
                -0.003145412450482772,
                0.0013468398796013374,
                0.0008729756916859495,
                0.0017890936940896595,
                -0.0027840083484555046,
                -0.002920990709276459,
                0.0004110762490469762,
                0.0028735997772331608,
                -0.010160106678828978,
                0.045991816611779215,
                -0.0008929347755604895
            ],
            [
                -0.02235248328230301,
                0.0251381633700987,
                -0.0037243468605880708,
                -0.009366317043948243,
                -0.0011621947245956214,
                -0.004279350087163229,
                0.0038303795873109044,
                -0.0022524368684128234,
                0.006565808175143376,
                -0.007501218572964118,
                0.003876132988162979,
                -0.00872322521973994,
                0.007087382797279336,
                -0.0021783433214308608,
                0.0017566121099374585,
                0.002231281812707311,
                0.0005472573221358679,
                0.0022590978255546458,
                0.013055233732106597,
                -0.0006422583878253085,
                -0.0008929347755604895,
                0.9847783449114216
            ]
        ]
    },
    "E1T0": {
        "B": [
            [
                0.019229625175461326
            ],
            [
                -0.07510067846674955
            ],
            [
                0.08089725421793537
            ],
            [
                0.1086005500033979
            ],
            [
                0.04020829692841282
            ],
            [
                -0.10897636055366432
            ],
            [
                -0.0072587221682106785
            ],
            [
                -0.1392997480428945
            ],
            [
                -0.052570979081925866
            ],
            [
                0.5875861110603675
            ],
            [
                -0.050475213281616076
            ],
            [
                -0.07680124306855124
            ],
            [
                0.16617423428641703
            ],
            [
                -0.6527352081140251
            ],
            [
                0.5400665952069363
            ],
            [
                -0.3230116511767404
            ],
            [
                0.41344909373836736
            ],
            [
                0.8030907067349377
            ],
            [
                0.0
            ],
            [
                -0.07943959805301619
            ],
            [
                0.9641579117552574
            ],
            [
                -2.958375176341065
            ]
        ],
        "V": [
            [
                0.00024441703654629976,
                -0.0003076219492929095,
                9.815346136685064e-05,
                0.00013003565158087232,
                -4.6443593887455126e-05,
                -0.00014023833519393207,
                0.00011196157068751091,
                -2.3739921107100178e-05,
                -1.449568907978011e-06,
                0.00012223117113071278,
                -9.421895619640008e-05,
                -0.00020299016136867494,
                8.896131578204955e-05,
                -0.00011834855720012623,
                -8.540364630837353e-05,
                -0.00010925277850646776,
                -8.365290704538135e-05,
                7.70336776639458e-05,
                0.0,
                5.7695947828054266e-05,
                0.0001357354419447145,
                -0.010319792434440601
            ],
            [
                -0.0003076219492929095,
                0.00045049646771152765,
                -0.0002590128925010567,
                -0.0001334708081803274,
                -0.0003751307231536565,
                0.00031491147527317316,
                -0.00028901468129923034,
                6.105113020192426e-05,
                -0.00011846510265341898,
                -0.0002739101489425649,
                3.9057734428617194e-05,
                0.00020556007174899333,
                -0.0001539445556731421,
                8.25621325918453e-05,
                0.00016624503324241748,
                0.0002495645103413235,
                1.5400459784644163e-05,
                -0.00021826323321044695,
                0.0,
                -0.00023094607221101315,
                -0.00014653920979467003,
                0.012526005839882502
            ],
            [
                9.815346136685064e-05,
                -0.0002590128925010567,
                0.0005905208453275046,
                -5.9237830790141626e-05,
                0.0010715766895499858,
                -0.0008815801506275306,
                0.0007355411128216606,
                -0.0008024549910216987,
                0.00023462023381647025,
                0.00023970216315437174,
                0.000251628178401905,
                3.7702069618767734e-05,
                -7.85843811025473e-05,
                -5.861440841654691e-05,
                0.0006473548421150322,
                -0.00014460126648449444,
                -0.0007088915068178371,
                0.0006690627910417938,
                0.0,
                -2.5347422090050465e-05,
                -0.0001283430455040144,
                -0.003385479171158295
            ],
            [
                0.00013003565158087232,
                -0.0001334708081803274,
                -5.9237830790141626e-05,
                0.01160140122695977,
                -0.0005194981143091482,
                0.001042303779228269,
                0.0006041338337927763,
                0.0008152824688261974,
                0.0004029548337726721,
                -0.0021332080272408677,
                2.069147299823894e-05,
                -0.0012082564850559448,
                0.0006491698654800853,
                -1.2719034502378617e-05,
                5.5407084730469216e-05,
                0.0002840287933815006,
                -0.00025172128321271055,
                -0.001932216229931733,
                0.0,
                -0.001542162075611536,
                0.0005015341363627749,
                -0.009664676542493797
            ],
            [
                -4.6443593887455126e-05,
                -0.0003751307231536565,
                0.0010715766895499858,
                -0.0005194981143091482,
                0.22776092801009457,
                -0.004228620554825964,
                0.004596112185369468,
                -0.004719261624967627,
                0.0032721058457622475,
                -0.001209491222497646,
                0.009651173745572325,
                -0.005921141062515254,
                0.0038357093586026403,
                0.00265453941364022,
                0.005390765127153784,
                -0.007383586274945108,
                -0.022562397337201442,
                -0.020728660861032408,
                0.0,
                0.010569464715811848,
                -0.006982853521419941,
                0.002751572959150548
            ],
            [
                -0.00014023833519393207,
                0.00031491147527317316,
                -0.0008815801506275306,
                0.001042303779228269,
                -0.004228620554825964,
                0.073187605124327,
                -0.014670255262743166,
                -0.0017722646660459436,
                -0.007284980445598095,
                0.002366371408842844,
                -0.002378474167689283,
                0.002520056390735342,
                -0.002288702157111402,
                -0.0010809305484823163,
                0.005449301659220201,
                0.0012948552044758626,
                0.004506388242124998,
                -0.009158305767729052,
                0.0,
                0.005413089791607515,
                -0.007084665889835297,
                0.004757650554343483
            ],
            [
                0.00011196157068751091,
                -0.00028901468129923034,
                0.0007355411128216606,
                0.0006041338337927763,
                0.004596112185369468,
                -0.014670255262743166,
                0.04055998590036092,
                -0.015286327595760414,
                0.0016858056279385164,
                -0.0005907399936242611,
                -0.0012993179348139345,
                -0.007785679321452224,
                -0.0009428493021800816,
                -0.004166505555227689,
                0.009617942142232211,
                -0.00013456553850692884,
                -0.0011613152068848363,
                0.004827097498827141,
                0.0,
                -0.0038589478084852533,
                -0.004052187298524448,
                -0.0047180110513555815
            ],
            [
                -2.3739921107100178e-05,
                6.105113020192426e-05,
                -0.0008024549910216987,
                0.0008152824688261974,
                -0.004719261624967627,
                -0.0017722646660459436,
                -0.015286327595760414,
                0.033455790284252426,
                -0.003758431538184693,
                -0.003682858810721296,
                -0.001119367844314193,
                0.0018607109574719134,
                -0.0001737866019882692,
                0.0001702657177921591,
                0.0024654516159196235,
                0.003586990689189356,
                0.0023650899145701864,
                -0.0037691820723324983,
                0.0,
                -0.00806061350765955,
                0.0005340642492809383,
                -5.050606134029566e-05
            ],
            [
                -1.449568907978011e-06,
                -0.00011846510265341898,
                0.00023462023381647025,
                0.0004029548337726721,
                0.0032721058457622475,
                -0.007284980445598095,
                0.0016858056279385164,
                -0.003758431538184693,
                0.03970327064931385,
                -0.0034162558998570014,
                -0.0020833062208922954,
                -0.0029640041293705305,
                -0.0038068396001937153,
                -0.0018721319565399275,
                -0.02251032262369474,
                -0.0050866857504152044,
                -0.004905350550907319,
                0.009528194472526102,
                0.0,
                7.663015924584969e-05,
                -0.0005327278481423574,
                0.0002189002606128249
            ],
            [
                0.00012223117113071278,
                -0.0002739101489425649,
                0.00023970216315437174,
                -0.0021332080272408677,
                -0.001209491222497646,
                0.002366371408842844,
                -0.0005907399936242611,
                -0.003682858810721296,
                -0.0034162558998570014,
                0.05132052322545584,
                -0.001069205890370902,
                -0.003427232065037222,
                -0.001884066828566914,
                0.0011066137461300872,
                -0.004534038063995468,
                -0.002684531635831268,
                0.003255705442021282,
                -0.006767881099557075,
                0.0,
                -0.0022775993348916617,
                0.0011105856020459414,
                -0.004831733263871306
            ],
            [
                -9.421895619640008e-05,
                3.9057734428617194e-05,
                0.000251628178401905,
                2.069147299823894e-05,
                0.009651173745572325,
                -0.002378474167689283,
                -0.0012993179348139345,
                -0.001119367844314193,
                -0.0020833062208922954,
                -0.001069205890370902,
                0.015296023426657455,
                -0.00031902570031347823,
                -9.022281478572315e-05,
                0.0010085751594393396,
                -0.000294941270392782,
                -0.00300394083127427,
                -0.0018826673110795627,
                0.0009800538761132937,
                0.0,
                0.0016417894089485463,
                -0.0012302886813535805,
                0.0014691509863604
            ],
            [
                -0.00020299016136867494,
                0.00020556007174899333,
                3.7702069618767734e-05,
                -0.0012082564850559448,
                -0.005921141062515254,
                0.002520056390735342,
                -0.007785679321452224,
                0.0018607109574719134,
                -0.0029640041293705305,
                -0.003427232065037222,
                -0.00031902570031347823,
                0.12051300400258788,
                -0.0015408394547690326,
                0.011042884104101744,
                0.02513545917960691,
                -0.0005199668635188577,
                0.00300299058975789,
                -0.0017726357117882241,
                0.0,
                -0.0060883633687720705,
                0.0038801006599942125,
                0.006174377933111538
            ],
            [
                8.896131578204955e-05,
                -0.0001539445556731421,
                -7.85843811025473e-05,
                0.0006491698654800853,
                0.0038357093586026403,
                -0.002288702157111402,
                -0.0009428493021800816,
                -0.0001737866019882692,
                -0.0038068396001937153,
                -0.001884066828566914,
                -9.022281478572315e-05,
                -0.0015408394547690326,
                0.042380837299463826,
                0.002167103297996298,
                0.0030618139748349988,
                -0.0026862021745622227,
                -0.0028349035896784763,
                -0.00034458093888878154,
                0.0,
                -0.0018351047869302462,
                -0.002716015880794327,
                -0.005189938196324495
            ],
            [
                -0.00011834855720012623,
                8.25621325918453e-05,
                -5.861440841654691e-05,
                -1.2719034502378617e-05,
                0.00265453941364022,
                -0.0010809305484823163,
                -0.004166505555227689,
                0.0001702657177921591,
                -0.0018721319565399275,
                0.0011066137461300872,
                0.0010085751594393396,
                0.011042884104101744,
                0.002167103297996298,
                0.025870601283577134,
                -0.0024022776200128032,
                -0.010294446533353504,
                0.0011981737364156885,
                -0.002586252628910051,
                0.0,
                -0.0007800032025483401,
                -0.0012858526945707684,
                0.0030897028965820527
            ],
            [
                -8.540364630837353e-05,
                0.00016624503324241748,
                0.0006473548421150322,
                5.5407084730469216e-05,
                0.005390765127153784,
                0.005449301659220201,
                0.009617942142232211,
                0.0024654516159196235,
                -0.02251032262369474,
                -0.004534038063995468,
                -0.000294941270392782,
                0.02513545917960691,
                0.0030618139748349988,
                -0.0024022776200128032,
                0.21889891565735803,
                0.027225109273577037,
                -0.005037589636609875,
                -0.0019964839594601605,
                0.0,
                -0.000188004637113848,
                -0.017788131651528465,
                -0.0008542865214109268
            ],
            [
                -0.00010925277850646776,
                0.0002495645103413235,
                -0.00014460126648449444,
                0.0002840287933815006,
                -0.007383586274945108,
                0.0012948552044758626,
                -0.00013456553850692884,
                0.003586990689189356,
                -0.0050866857504152044,
                -0.002684531635831268,
                -0.00300394083127427,
                -0.0005199668635188577,
                -0.0026862021745622227,
                -0.010294446533353504,
                0.027225109273577037,
                0.06384721163380094,
                -0.003949392641779458,
                3.045310080418091e-06,
                0.0,
                -0.015094160626985341,
                -0.0040520554340312325,
                0.0038888767740149002
            ],
            [
                -8.365290704538135e-05,
                1.5400459784644163e-05,
                -0.0007088915068178371,
                -0.00025172128321271055,
                -0.022562397337201442,
                0.004506388242124998,
                -0.0011613152068848363,
                0.0023650899145701864,
                -0.004905350550907319,
                0.003255705442021282,
                -0.0018826673110795627,
                0.00300299058975789,
                -0.0028349035896784763,
                0.0011981737364156885,
                -0.005037589636609875,
                -0.003949392641779458,
                0.042049398584934033,
                -0.02796331232452486,
                0.0,
                -0.001132109825434828,
                -1.3094075647746632e-05,
                0.003225221237749888
            ],
            [
                7.70336776639458e-05,
                -0.00021826323321044695,
                0.0006690627910417938,
                -0.001932216229931733,
                -0.020728660861032408,
                -0.009158305767729052,
                0.004827097498827141,
                -0.0037691820723324983,
                0.009528194472526102,
                -0.006767881099557075,
                0.0009800538761132937,
                -0.0017726357117882241,
                -0.00034458093888878154,
                -0.002586252628910051,
                -0.0019964839594601605,
                3.045310080418091e-06,
                -0.02796331232452486,
                0.10138925672790687,
                0.0,
                -0.001475666259608773,
                0.0022435524444944224,
                -0.002326251581568956
            ],
            [
                0.0,
                0.0,
                0.0,
                0.0,
                0.0,
                0.0,
                0.0,
                0.0,
                0.0,
                0.0,
                0.0,
                0.0,
                0.0,
                0.0,
                0.0,
                0.0,
                0.0,
                0.0,
                0.0,
                0.0,
                0.0,
