var MatrixDecompNon = {
    "E0T0": {
        "B": [
            [
                0.01701635467110319
            ],
            [
                -0.001108714247765338
            ],
            [
                -0.020207812658204236
            ],
            [
                -0.25496329754083885
            ],
            [
                0.8100070141692666
            ],
            [
                0.18191982697705503
            ],
            [
                0.44918019422363276
            ],
            [
                -0.15998987176766719
            ],
            [
                0.10789706499930912
            ],
            [
                0.4913215909903768
            ],
            [
                0.13556960480041566
            ],
            [
                -0.10734839667925217
            ],
            [
                -0.1052674990216625
            ],
            [
                -0.03051119797750912
            ],
            [
                0.40437186780403583
            ],
            [
                0.37445379483680435
            ],
            [
                -0.2284033724249559
            ],
            [
                0.21973032600097342
            ],
            [
                -0.3021809836284428
            ],
            [
                0.23976218315178285
            ],
            [
                0.21101892283352833
            ],
            [
                -2.990717305246157
            ]
        ],
        "V": [
            [
                0.0001614407791347794,
                -0.00019524201127119368,
                4.5075637935060535e-05,
                2.3096300795594186e-05,
                -2.8403247414854265e-06,
                3.168749799623721e-06,
                -2.1678110351416798e-05,
                1.976331185344701e-05,
                -1.0052090247712665e-05,
                1.1615288470527503e-05,
                -1.8117043941956674e-05,
                1.4858594048814704e-05,
                -1.3027877611065375e-05,
                -2.7292460891381875e-05,
                -1.2479083565625648e-05,
                -7.835849221046527e-06,
                -1.5508128890934283e-05,
                1.5016446037430437e-05,
                -9.816283381147864e-05,
                5.451069775834054e-06,
                -2.2222499826418927e-05,
                -0.006886950411708476
            ],
            [
                -0.00019524201127119368,
                0.0002661597071138214,
                -0.00010303631358331267,
                -1.1089932071335995e-05,
                -1.885843082327578e-05,
                -2.1388154811481545e-05,
                4.294416244250968e-05,
                -5.9175726347043176e-05,
                -9.636099287882827e-06,
                -1.810419195017958e-05,
                1.1661520761072081e-05,
                -2.781781034736651e-06,
                2.8142801476555322e-05,
                2.4137768104820246e-05,
                1.0640430888881231e-05,
                -5.674242118368208e-06,
                4.420357911757615e-06,
                -3.996634713559717e-05,
                0.00018377887378066536,
                -2.43767313676429e-05,
                4.2405467450802185e-05,
                0.007970446436879965
            ],
            [
                4.5075637935060535e-05,
                -0.00010303631358331267,
                0.00014821224585945652,
                -7.773171609761224e-05,
                3.699183417513444e-05,
                9.878069766062198e-06,
                -5.245193622893008e-05,
                -2.3672128335340987e-05,
                -2.489183174282905e-05,
                -0.0001746627786066278,
                1.5671578866000597e-05,
                1.0117268917944917e-05,
                -3.840148914315219e-05,
                1.7060285933109315e-05,
                8.257114355223234e-05,
                9.555505797895243e-07,
                -5.30782198982164e-05,
                4.7770172161751725e-05,
                -3.933814585672675e-06,
                -8.78962701983761e-05,
                -1.586605163625202e-05,
                -0.0014059236141941351
            ],
            [
                2.3096300795594186e-05,
                -1.1089932071335995e-05,
                -7.773171609761224e-05,
                0.0040526043274752375,
                0.0006936718116523937,
                0.0004956345456759531,
                0.00011560663707082242,
                0.00020811764476562965,
                -0.00014776834387071158,
                4.7238009232767766e-05,
                -9.750116649815748e-05,
                -0.0013015754850544492,
                -4.444476439564127e-05,
                -2.1303616384360188e-05,
                0.00024799191300238407,
                0.0001564953429620471,
                2.6520515649149176e-06,
                -4.655962647261752e-05,
                0.0010473185833190842,
                0.00010320804590381922,
                0.0003274200509053623,
                -0.00267799739618651
            ],
            [
                -2.8403247414854265e-06,
                -1.885843082327578e-05,
                3.699183417513444e-05,
                0.0006936718116523937,
                0.02823378464781906,
                8.429543985685587e-05,
                0.0007407110907393174,
                -1.0951979260247977e-05,
                0.0004692247406214865,
                0.0004185299905828621,
                0.00015330816938076354,
                0.00023024262919730368,
                0.00031060666038482284,
                -9.755984343202132e-06,
                -4.0953514479755665e-05,
                0.0004344435620838975,
                -0.011247896907403231,
                0.0014636168580671582,
                0.003004438967837453,
                -9.850679113509992e-05,
                -5.647102065594289e-05,
                -0.00018219192565805827
            ],
            [
                3.168749799623721e-06,
                -2.1388154811481545e-05,
                9.878069766062198e-06,
                0.0004956345456759531,
                8.429543985685587e-05,
                0.016622541326723965,
                -0.002335895199885914,
                -0.0006760851200480386,
                -0.0008159794873597938,
                -0.0010063859669714951,
                -0.0006482002669751988,
                -0.00021068085166461457,
                -0.0002057374990836046,
                -0.00015333663464535592,
                -0.001202655869966154,
                -0.000282612869493943,
                5.401442173795815e-05,
                -0.00016805351634917429,
                -0.00022750120702336418,
                6.843747246063498e-05,
                -0.0003691836115409326,
                -0.0002261773686777122
            ],
            [
                -2.1678110351416798e-05,
                4.294416244250968e-05,
                -5.245193622893008e-05,
                0.00011560663707082242,
                0.0007407110907393174,
                -0.002335895199885914,
                0.011254783839944403,
                -0.0030949957474170637,
                -0.00043791722956030795,
                -0.0008075874337217157,
                -0.0003221355706097115,
                -0.0004119023818790972,
                -0.00021285256142222902,
                -0.0002596787452091634,
                0.00010540472827327045,
                7.53208206099717e-05,
                -0.00030519365955438825,
                0.0008973821778035527,
                -0.0014148761876686606,
                -0.0007258386181368345,
                -0.0014571074124574354,
                0.0006017474617274054
            ],
            [
                1.976331185344701e-05,
                -5.9175726347043176e-05,
                -2.3672128335340987e-05,
                0.00020811764476562965,
                -1.0951979260247977e-05,
                -0.0006760851200480386,
                -0.0030949957474170637,
                0.0076835698417106165,
                -0.0013185987104256014,
                -0.00016366463263909245,
                -0.0008065009737056254,
                -0.0003393987808049842,
                -0.000330434409146156,
                -0.00012163247540360235,
                -6.310952896113506e-05,
                -0.0007592813476822145,
                -0.0001399556105087768,
                2.0281847161122497e-05,
                4.369467911380802e-05,
                -0.0007156829665320746,
                -1.9990221733367287e-05,
                -0.0007521521119655996
            ],
            [
                -1.0052090247712665e-05,
                -9.636099287882827e-06,
                -2.489183174282905e-05,
                -0.00014776834387071158,
                0.0004692247406214865,
                -0.0008159794873597938,
                -0.00043791722956030795,
                -0.0013185987104256014,
                0.009698853743322378,
                -0.0008810373332124597,
                -0.0003952303837252301,
                -0.0003655297626200592,
                -0.0007278734019061345,
                -0.00038104531343681453,
                -0.004679560369077681,
                5.26262626387118e-05,
                -0.0004337450889279457,
                -0.00024461111745438605,
                6.467397430279686e-05,
                -0.00026604268719266174,
                -3.390368442657138e-05,
                0.0005525429992559073
            ],
            [
                1.1615288470527503e-05,
                -1.810419195017958e-05,
                -0.0001746627786066278,
                4.7238009232767766e-05,
                0.0004185299905828621,
                -0.0010063859669714951,
                -0.0008075874337217157,
                -0.00016366463263909245,
                -0.0008810373332124597,
                0.02971946453318366,
                -0.0002970083874219974,
                -0.00017237991818774858,
                2.3601496082370014e-05,
                0.00017007264628021013,
                -0.0012217643180618934,
                -0.000428353094626663,
                -0.0003221873489703205,
                0.00019948756663701352,
                -0.00017036182780897925,
                0.00025166699440349265,
                -0.0005188835921751912,
                -0.0005407217269046324
            ],
            [
                -1.8117043941956674e-05,
                1.1661520761072081e-05,
                1.5671578866000597e-05,
                -9.750116649815748e-05,
                0.00015330816938076354,
                -0.0006482002669751988,
                -0.0003221355706097115,
                -0.0008065009737056254,
                -0.0003952303837252301,
                -0.0002970083874219974,
                0.004500397730485448,
                -0.000499466646975059,
                -0.0003791135044924731,
                -9.425321388334847e-05,
                -3.792190602549053e-05,
                -1.1779134688720672e-05,
                -0.00012230658712458853,
                -0.0005103654691007654,
                -0.0003915830252942911,
                -0.00017958028435663168,
                -0.0003189638227314821,
                -9.537670928843281e-05
            ],
            [
                1.4858594048814704e-05,
                -2.781781034736651e-06,
                1.0117268917944917e-05,
                -0.0013015754850544492,
                0.00023024262919730368,
                -0.00021068085166461457,
                -0.0004119023818790972,
                -0.0003393987808049842,
                -0.0003655297626200592,
                -0.00017237991818774858,
                -0.000499466646975059,
                0.014062895633086605,
                -0.0002892895399121598,
                -0.00020386766362512885,
                0.00035730578643362887,
                -0.0001456444534788204,
                -0.00023301688894554194,
                0.00013009959507887092,
                0.000735913130648786,
                -6.268721258506527e-06,
                -0.0003653906331465039,
                -0.0009383770882375248
            ],
            [
                -1.3027877611065375e-05,
                2.8142801476555322e-05,
                -3.840148914315219e-05,
                -4.444476439564127e-05,
                0.00031060666038482284,
                -0.0002057374990836046,
                -0.00021285256142222902,
                -0.000330434409146156,
                -0.0007278734019061345,
                2.3601496082370014e-05,
                -0.0003791135044924731,
                -0.0002892895399121598,
                0.03124252726073344,
                -0.00021045069469651444,
                -0.000436596731541781,
                6.334141844125697e-05,
                -0.0006426136196403548,
                0.0008686089905486753,
                -0.0007886965676755076,
                -0.00017046544028336236,
                0.0007170299668961946,
                -6.903579883718068e-06
            ],
            [
                -2.7292460891381875e-05,
                2.4137768104820246e-05,
                1.7060285933109315e-05,
                -2.1303616384360188e-05,
                -9.755984343202132e-06,
                -0.00015333663464535592,
                -0.0002596787452091634,
                -0.00012163247540360235,
                -0.00038104531343681453,
                0.00017007264628021013,
                -9.425321388334847e-05,
                -0.00020386766362512885,
                -0.00021045069469651444,
                0.005895931282944548,
                -6.55984538918368e-05,
                -0.004031552056181898,
                -0.00020836372849091897,
                0.00013974670184341704,
                0.0003939125068766527,
                0.00012059027629993612,
                -0.00034259216475471423,
                9.249774652516763e-05
            ],
            [
                -1.2479083565625648e-05,
                1.0640430888881231e-05,
                8.257114355223234e-05,
                0.00024799191300238407,
                -4.0953514479755665e-05,
                -0.001202655869966154,
                0.00010540472827327045,
                -6.310952896113506e-05,
                -0.004679560369077681,
                -0.0012217643180618934,
                -3.792190602549053e-05,
                0.00035730578643362887,
                -0.000436596731541781,
                -6.55984538918368e-05,
                0.05458383333204378,
                -0.0002185404369563524,
                -5.866073761486923e-05,
                0.0002104076297792538,
                -0.005012994644100989,
                -0.0001893630462313839,
                0.0013032471708564815,
                0.00011327195739889953
            ],
            [
                -7.835849221046527e-06,
                -5.674242118368208e-06,
                9.555505797895243e-07,
                0.0001564953429620471,
                0.0004344435620838975,
                -0.000282612869493943,
                7.53208206099717e-05,
                -0.0007592813476822145,
                5.26262626387118e-05,
                -0.000428353094626663,
                -1.1779134688720672e-05,
                -0.0001456444534788204,
                6.334141844125697e-05,
                -0.004031552056181898,
                -0.0002185404369563524,
                0.01014950249346926,
                0.00011317873554869501,
                -0.00023169447825267545,
                -0.00017105950457243653,
                -0.002280803743830588,
                -0.0003915899994645472,
                0.0006406792701965427
            ],
            [
                -1.5508128890934283e-05,
                4.420357911757615e-06,
                -5.30782198982164e-05,
                2.6520515649149176e-06,
                -0.011247896907403231,
                5.401442173795815e-05,
                -0.00030519365955438825,
                -0.0001399556105087768,
                -0.0004337450889279457,
                -0.0003221873489703205,
                -0.00012230658712458853,
                -0.00023301688894554194,
                -0.0006426136196403548,
                -0.00020836372849091897,
                -5.866073761486923e-05,
                0.00011317873554869501,
                0.013233241048188326,
                -0.007764947449093046,
                -0.0037578407601209065,
                -5.039242795797776e-05,
                -0.00033473119973061817,
                0.00022787268700279198
            ],
            [
                1.5016446037430437e-05,
                -3.996634713559717e-05,
                4.7770172161751725e-05,
                -4.655962647261752e-05,
                0.0014636168580671582,
                -0.00016805351634917429,
                0.0008973821778035527,
                2.0281847161122497e-05,
                -0.00024461111745438605,
                0.00019948756663701352,
                -0.0005103654691007654,
                0.00013009959507887092,
                0.0008686089905486753,
                0.00013974670184341704,
                0.0002104076297792538,
                -0.00023169447825267545,
                -0.007764947449093046,
                0.06192789082158513,
                0.00044695431104193315,
                -0.00013827059187774215,
                -0.0011878984708454231,
                -0.0003237119430481427
            ],
            [
                -9.816283381147864e-05,
                0.00018377887378066536,
                -3.933814585672675e-06,
                0.0010473185833190842,
                0.003004438967837453,
                -0.00022750120702336418,
                -0.0014148761876686606,
                4.369467911380802e-05,
                6.467397430279686e-05,
                -0.00017036182780897925,
                -0.0003915830252942911,
                0.000735913130648786,
                -0.0007886965676755076,
                0.0003939125068766527,
                -0.005012994644100989,
                -0.00017105950457243653,
                -0.0037578407601209065,
                0.00044695431104193315,
                0.19741728060601063,
                -0.0011126511896481816,
                0.002032239726595012,
                0.0024326931855046287
            ],
            [
                5.451069775834054e-06,
                -2.43767313676429e-05,
                -8.78962701983761e-05,
                0.00010320804590381922,
                -9.850679113509992e-05,
                6.843747246063498e-05,
                -0.0007258386181368345,
                -0.0007156829665320746,
                -0.00026604268719266174,
                0.00025166699440349265,
                -0.00017958028435663168,
                -6.268721258506527e-06,
                -0.00017046544028336236,
                0.00012059027629993612,
                -0.0001893630462313839,
                -0.002280803743830588,
                -5.039242795797776e-05,
                -0.00013827059187774215,
                -0.0011126511896481816,
                0.009790232441165728,
                -0.004076643905757427,
                -0.000281508800108085
            ],
            [
                -2.2222499826418927e-05,
                4.2405467450802185e-05,
                -1.586605163625202e-05,
                0.0003274200509053623,
                -5.647102065594289e-05,
                -0.0003691836115409326,
                -0.0014571074124574354,
                -1.9990221733367287e-05,
                -3.390368442657138e-05,
                -0.0005188835921751912,
                -0.0003189638227314821,
                -0.0003653906331465039,
                0.0007170299668961946,
                -0.00034259216475471423,
                0.0013032471708564815,
                -0.0003915899994645472,
                -0.00033473119973061817,
                -0.0011878984708454231,
                0.002032239726595012,
                -0.004076643905757427,
                0.037255580061181064,
                0.0006885591350003861
            ],
            [
                -0.006886950411708476,
                0.007970446436879965,
                -0.0014059236141941351,
                -0.00267799739618651,
                -0.00018219192565805827,
                -0.0002261773686777122,
                0.0006017474617274054,
                -0.0007521521119655996,
                0.0005525429992559073,
                -0.0005407217269046324,
                -9.537670928843281e-05,
                -0.0009383770882375248,
                -6.903579883718068e-06,
                9.249774652516763e-05,
                0.00011327195739889953,
                0.0006406792701965427,
                0.00022787268700279198,
                -0.0003237119430481427,
                0.0024326931855046287,
                -0.000281508800108085,
                0.0006885591350003861,
                0.30073360608548905
            ]
        ]
    },
    "E1T0": {
        "B": [
            [
                0.05021955731656632
            ],
            [
                -0.04576444064992851
            ],
            [
                -0.018186175697274706
            ],
            [
                0.19234101791685665
            ],
            [
                0.9357930240532455
            ],
            [
                0.3587674694071449
            ],
            [
                0.21601675438483575
            ],
            [
                -0.0641513361544631
            ],
            [
                0.01778854446534687
            ],
            [
                0.6974166847030864
            ],
            [
                -0.04308590556889671
            ],
            [
                -0.16688370822470142
            ],
            [
                -0.17900753731937352
            ],
            [
                0.12334726188002988
            ],
            [
                0.13783381293241972
            ],
            [
                -0.1167356375690738
            ],
            [
                -0.10621617711627555
            ],
            [
                0.5285663930840611
            ],
            [
                0.0
            ],
            [
                -0.2962588932874162
            ],
            [
                0.818330361247025
            ],
            [
                -3.67336291298919
            ]
        ],
        "V": [
            [
                0.00022632234769667385,
                -0.00027595522329938716,
                7.154768482404579e-05,
                -6.025127639437916e-07,
                7.425352977299885e-05,
                1.355492374648596e-05,
                -1.791050639562092e-05,
                -3.544548951446125e-05,
                1.7597109153038578e-05,
                -3.3347156331732225e-05,
                -4.3378390543766025e-06,
                -6.777870728805165e-05,
                -7.58632245666073e-05,
                -6.973636073581927e-05,
                5.217740637021634e-05,
                3.9254482184972515e-06,
                -3.8137251241596074e-05,
                3.738580743215157e-05,
                0.0,
                -1.5588872727152312e-06,
                1.5891896551834954e-05,
                -0.00962094533490875
            ],
            [
                -0.00027595522329938716,
                0.00038074541508948355,
                -0.00016653882279902025,
                1.5989332197363664e-05,
                -0.00020563139502577374,
                -8.313853082393734e-05,
                3.2508497786959325e-05,
                -2.0302245201819525e-07,
                -5.766634835967449e-05,
                2.2155738915912073e-05,
                -3.765679518469954e-05,
                9.067844455228026e-05,
                0.00011880525921076349,
                4.9218766412156465e-05,
                -4.333498049925682e-05,
                -2.9883599909509173e-05,
                -1.4117029289244059e-05,
                5.593046668176443e-05,
                0.0,
                -1.884423186306273e-05,
                -1.0763687655099167e-05,
                0.011281380841743596
            ],
            [
                7.154768482404579e-05,
                -0.00016653882279902025,
                0.00029684989877438604,
                -8.971002925373664e-06,
                0.00018952596020272328,
                0.00014186074279318086,
                -0.00011371305040956987,
                -0.00014084340207139504,
                -5.108616946688327e-05,
                -0.0003123708472628308,
                4.989190698824761e-05,
                -5.417587126889821e-05,
                -0.00017185915873973084,
                -3.275899769296761e-05,
                2.4129779863523845e-05,
                3.350787464946203e-05,
                -9.207355946668024e-05,
                -0.00022573106190202283,
                0.0,
                -0.00022722889578418844,
                0.00014562332878013606,
                -0.0023771305508574697
            ],
            [
                -6.025127639437916e-07,
                1.5989332197363664e-05,
                -8.971002925373664e-06,
                0.007600358649078872,
                0.0019884323597608665,
                0.0007605897095049128,
                0.00036185604962458756,
                0.0003429914070287634,
                -0.0001809045543278953,
                -0.00031029624526391963,
                -0.0005462645206949919,
                -0.0018789557449703,
                -0.00019003016559761374,
                0.000467725588232461,
                -0.00021584017261707625,
                0.0004204508779994177,
                -0.00019532876098896695,
                -0.00012125831608687573,
                0.0,
                0.00023492380671620211,
                -0.0008418224544934558,
                -0.002834228589044616
            ],
            [
                7.425352977299885e-05,
                -0.00020563139502577374,
                0.00018952596020272328,
                0.0019884323597608665,
                0.14723516167500658,
                0.0015613504542140784,
                -0.0009997028591195013,
                0.0019854095947058545,
                -0.001232863123535061,
                0.002172544481398683,
                0.001110486855606541,
                -0.0036641546422014515,
                -0.00027282162735690375,
                0.000662724204000047,
                -0.004628781689300176,
                -0.0013932920113137956,
                -0.02368919160042697,
                -0.007447235769006768,
                0.0,
                -0.000733114103126869,
                0.003784978609402516,
                -0.0029195852976236785
            ],
            [
                1.355492374648596e-05,
                -8.313853082393734e-05,
                0.00014186074279318086,
                0.0007605897095049128,
                0.0015613504542140784,
                0.04056173364030055,
                -0.005344154228189693,
                -0.0008741076040054408,
                -0.0018939161933390078,
                0.0015897382899153487,
                -0.0011990858204221674,
                0.00043224859322070594,
                -0.0014516727197389613,
                -0.0005218197940316245,
                0.000588579732000632,
                -0.0011608604540428345,
                -0.0004720731831974657,
                -0.002567990111331187,
                0.0,
                -0.0011790739129423175,
                0.001106548181234378,
                -0.0005438827166062547
            ],
            [
                -1.791050639562092e-05,
                3.2508497786959325e-05,
                -0.00011371305040956987,
                0.00036185604962458756,
                -0.0009997028591195013,
                -0.005344154228189693,
                0.02416828761906687,
                -0.006994335367837961,
                -6.757583146877777e-05,
                -0.0002843070284666272,
                -0.0016247380175835563,
                -0.0006349414936096193,
                -0.00015382366916759534,
                -0.0006177320405471707,
                0.00017265504864715642,
                7.472702288686588e-05,
                1.1156679424893658e-05,
                -0.001725849208833657,
                0.0,
                -0.0015388390393511941,
                -0.002613377749779259,
                0.00042984489702345484
            ],
            [
                -3.544548951446125e-05,
                -2.0302245201819525e-07,
                -0.00014084340207139504,
                0.0003429914070287634,
                0.0019854095947058545,
                -0.0008741076040054408,
                -0.006994335367837961,
                0.017329972655036475,
                -0.003520252213316809,
                -0.0008538562017519858,
                -0.0012241289373152364,
                -0.0004592690764486143,
                -0.0008152162255507654,
                -0.00044753503749963235,
                0.0004509160087432842,
                -0.0010103408056560677,
                -0.000671289669707355,
                0.0002411594901460191,
                0.0,
                -0.0013072728495672787,
                -0.001266884716252617,
                0.001346208614657018
            ],
            [
                1.7597109153038578e-05,
                -5.766634835967449e-05,
                -5.108616946688327e-05,
                -0.0001809045543278953,
                -0.001232863123535061,
                -0.0018939161933390078,
                -6.757583146877777e-05,
                -0.003520252213316809,
                0.022304707609448346,
                -0.003564456642365621,
                -0.0006744033929545632,
                -0.0011966603323257012,
                -0.0008075030701382624,
                -3.6092098622743726e-05,
                -0.009877149758794102,
                -0.0007420861190731783,
                0.00018251070740314053,
                -9.116641688277452e-05,
                0.0,
                -0.00048668732475972885,
                -0.0013758691273285226,
                -0.0009090514697364533
            ],
            [
                -3.3347156331732225e-05,
                2.2155738915912073e-05,
                -0.0003123708472628308,
                -0.00031029624526391963,
                0.002172544481398683,
                0.0015897382899153487,
                -0.0002843070284666272,
                -0.0008538562017519858,
                -0.003564456642365621,
                0.05491904152128012,
                -0.0012577568721157516,
                -0.001781457338780011,
                -0.001492898519612675,
                0.00042306368416316156,
                -0.0007603230517216402,
                -0.0011221002846153805,
                0.0003665683127584862,
                0.002287670779615295,
                0.0,
                0.00028417466917667945,
                0.0013223446928314494,
                0.00130303780590951
            ],
            [
                -4.3378390543766025e-06,
                -3.765679518469954e-05,
                4.989190698824761e-05,
                -0.0005462645206949919,
                0.001110486855606541,
                -0.0011990858204221674,
                -0.0016247380175835563,
                -0.0012241289373152364,
                -0.0006744033929545632,
                -0.0012577568721157516,
                0.009553000722126965,
                -0.0009044136972788646,
                -0.0001720992347324755,
                -0.00020304683398260216,
                -0.0001838553279236149,
                -0.0003701392124480883,
                -0.00015405880572993332,
                -0.000457434393858026,
                0.0,
                -0.000152808288458417,
                6.383028579793865e-05,
                -0.0008706070630310082
            ],
            [
                -6.777870728805165e-05,
                9.067844455228026e-05,
                -5.417587126889821e-05,
                -0.0018789557449703,
                -0.0036641546422014515,
                0.00043224859322070594,
                -0.0006349414936096193,
                -0.0004592690764486143,
                -0.0011966603323257012,
                -0.001781457338780011,
                -0.0009044136972788646,
                0.05528244496903231,
                0.0004634246920727053,
                -0.00034913483461324085,
                0.0013664885443540743,
                -0.0006148570828712044,
                0.00010196476292555574,
                0.0009260500204593727,
                0.0,
                -0.0006029732658582474,
                -0.003973986369976663,
                0.0025303968967733312
            ],
            [
                -7.58632245666073e-05,
                0.00011880525921076349,
                -0.00017185915873973084,
                -0.00019003016559761374,
                -0.00027282162735690375,
                -0.0014516727197389613,
                -0.00015382366916759534,
                -0.0008152162255507654,
                -0.0008075030701382624,
                -0.001492898519612675,
                -0.0001720992347324755,
                0.0004634246920727053,
                0.07311934354370174,
                -0.0005807509124069129,
                -0.0008061754105883018,
                0.000870518319876617,
                1.981326244797358e-05,
                0.0002453675198539782,
                0.0,
                -0.000761478041068676,
                -0.0010683162438724907,
                0.0020220012127868166
            ],
            [
                -6.973636073581927e-05,
                4.9218766412156465e-05,
                -3.275899769296761e-05,
                0.000467725588232461,
                0.000662724204000047,
                -0.0005218197940316245,
                -0.0006177320405471707,
                -0.00044753503749963235,
                -3.6092098622743726e-05,
                0.00042306368416316156,
                -0.00020304683398260216,
                -0.00034913483461324085,
                -0.0005807509124069129,
                0.011072174189894929,
                -0.0014126178399748008,
                -0.0070426167159786165,
                -0.00036207973699296564,
                9.889361902592331e-05,
                0.0,
                9.035932485927978e-05,
                -0.0006496017025521656,
                0.0013638071532303428
            ],
            [
                5.217740637021634e-05,
                -4.333498049925682e-05,
                2.4129779863523845e-05,
                -0.00021584017261707625,
                -0.004628781689300176,
                0.000588579732000632,
                0.00017265504864715642,
                0.0004509160087432842,
                -0.009877149758794102,
                -0.0007603230517216402,
                -0.0001838553279236149,
                0.0013664885443540743,
                -0.0008061754105883018,
                -0.0014126178399748008,
                0.18356530270753213,
                0.0009979270350240566,
                0.0012782103205303084,
                0.0018598913887599253,
                0.0,
                -0.0015023368800493341,
                -0.0036783729002956775,
                -0.0029235743346832537
            ],
            [
                3.9254482184972515e-06,
                -2.9883599909509173e-05,
                3.350787464946203e-05,
                0.0004204508779994177,
                -0.0013932920113137956,
                -0.0011608604540428345,
                7.472702288686588e-05,
                -0.0010103408056560677,
                -0.0007420861190731783,
                -0.0011221002846153805,
                -0.0003701392124480883,
                -0.0006148570828712044,
                0.000870518319876617,
                -0.0070426167159786165,
                0.0009979270350240566,
                0.02511986606418658,
                0.0008615194911177533,
                -0.0031450166360228087,
                0.0,
                -0.0061754410968365495,
                -0.0007756540617590527,
                0.00016245747753383894
            ],
            [
                -3.8137251241596074e-05,
                -1.4117029289244059e-05,
                -9.207355946668024e-05,
                -0.00019532876098896695,
                -0.02368919160042697,
                -0.0004720731831974657,
                1.1156679424893658e-05,
                -0.000671289669707355,
                0.00018251070740314053,
                0.0003665683127584862,
                -0.00015405880572993332,
                0.00010196476292555574,
                1.981326244797358e-05,
                -0.00036207973699296564,
                0.0012782103205303084,
                0.0008615194911177533,
                0.029434912785335825,
                -0.01877726194376604,
                0.0,
                -0.001287374900899161,
                -0.0007859121712533863,
                0.0011524266844841118
            ],
            [
                3.738580743215157e-05,
                5.593046668176443e-05,
                -0.00022573106190202283,
                -0.00012125831608687573,
                -0.007447235769006768,
                -0.002567990111331187,
                -0.001725849208833657,
                0.0002411594901460191,
                -9.116641688277452e-05,
                0.002287670779615295,
                -0.000457434393858026,
                0.0009260500204593727,
                0.0002453675198539782,
                9.889361902592331e-05,
                0.0018598913887599253,
                -0.0031450166360228087,
                -0.01877726194376604,
                0.14889982735955903,
                0.0,
                0.000971486738508862,
                0.003353750145182855,
                -0.0024214688369267805
            ],
            [
                0.0,
                0.0,
                0.0,
                0.0,
                0.0,
                0.0,
