var MatrixDecompRob = {
    "E0T0": {
        "B": [
            [
                0.01701635467110319
            ],
            [
                -0.001108714247765338
            ],
            [
                -0.020207812658204236
            ],
            [
                -0.25496329754083885
            ],
            [
                0.8100070141692666
            ],
            [
                0.18191982697705503
            ],
            [
                0.44918019422363276
            ],
            [
                -0.15998987176766719
            ],
            [
                0.10789706499930912
            ],
            [
                0.4913215909903768
            ],
            [
                0.13556960480041566
            ],
            [
                -0.10734839667925217
            ],
            [
                -0.1052674990216625
            ],
            [
                -0.03051119797750912
            ],
            [
                0.40437186780403583
            ],
            [
                0.37445379483680435
            ],
            [
                -0.2284033724249559
            ],
            [
                0.21973032600097342
            ],
            [
                -0.3021809836284428
            ],
            [
                0.23976218315178285
            ],
            [
                0.21101892283352833
            ],
            [
                -2.990717305246157
            ]
        ],
        "V": [
            [
                0.00019325394773755543,
                -0.00023253669319171758,
                5.33872464296741e-05,
                -4.966355614623282e-05,
                -1.997438943672806e-06,
                1.0917591455259556e-06,
                -1.0303112617242774e-05,
                3.3143393778517014e-05,
                -2.5562269112333055e-05,
                2.4784905848963926e-05,
                -1.7577202656491812e-05,
                6.367871600911063e-05,
                -8.150655820258676e-06,
                -2.4298599065317565e-05,
                6.244705074557959e-06,
                -1.365968269844385e-05,
                -3.1272470674512706e-05,
                1.4550107205289786e-05,
                -3.6071011830524395e-05,
                -2.0943315133633817e-05,
                -1.1030695400240763e-05,
                -0.008238490269622712
            ],
            [
                -0.00023253669319171758,
                0.0003084121672742447,
                -0.00011075838970267494,
                7.502252246846377e-05,
                -1.8519348988784747e-05,
                -2.609755481425196e-05,
                1.833032618583125e-05,
                -7.235412068570777e-05,
                1.408640873233483e-05,
                -2.6392003847877936e-05,
                1.7220618228533472e-05,
                -7.702372576462996e-05,
                -2.5919442053269946e-05,
                2.9780127670538532e-05,
                -7.762514471803292e-06,
                4.716235939357448e-06,
                3.829144722661824e-05,
                -4.016683323285913e-05,
                4.05594199356054e-05,
                2.1945050429844058e-05,
                8.26254020728034e-06,
                0.009567193152032664
            ],
            [
                5.33872464296741e-05,
                -0.00011075838970267494,
                0.00014851978771163502,
                -0.00010119647631571529,
                2.057213187592093e-05,
                1.9643300764124504e-05,
                -3.353168029284475e-05,
                -2.9476044359554618e-05,
                -4.047173333104248e-05,
                -0.0001612869473863053,
                9.294738171515236e-07,
                5.705954455594077e-05,
                4.842795923170531e-05,
                2.63304363679047e-06,
                8.218981926206599e-05,
                -8.039573413374419e-06,
                -8.377756834520097e-05,
                6.977664126231478e-05,
                0.0001710563455291255,
                -0.00011506885573085071,
                1.4846531990000493e-05,
                -0.0017721466966396865
            ],
            [
                -4.966355614623282e-05,
                7.502252246846377e-05,
                -0.00010119647631571529,
                0.004030183213003636,
                0.0006056779268699413,
                0.0006871226977934368,
                0.00010194424559694999,
                0.00025240261394170665,
                -0.0003716698708843821,
                0.00031429198993737824,
                4.55934074706611e-05,
                -0.0013443098556490665,
                0.00025431368484213964,
                2.4714543253886613e-06,
                -6.484929915363892e-05,
                5.6943465623184405e-05,
                -0.00010644346099385626,
                -0.00034125549579260483,
                0.0007037639202710707,
                0.00011108551103085736,
                0.0006751882874119332,
                0.0004537134606691748
            ],
            [
                -1.997438943672806e-06,
                -1.8519348988784747e-05,
                2.057213187592093e-05,
                0.0006056779268699413,
                0.028484300577613562,
                0.00020916352937982058,
                0.001173188690572322,
                -0.00022075169812613534,
                0.0003229581061181089,
                0.0003538810985047107,
                -0.0001233745783624333,
                0.00035304271206663235,
                0.00038032198371962435,
                7.610925191994522e-05,
                -0.00024473961314382483,
                0.00013212250705918566,
                -0.011222758889945133,
                0.0017785860015524571,
                0.0010053841688508337,
                -2.6660592887364355e-05,
                -0.000559987664293382,
                -3.357043453584626e-05
            ],
            [
                1.0917591455259556e-06,
                -2.609755481425196e-05,
                1.9643300764124504e-05,
                0.0006871226977934368,
                0.00020916352937982058,
                0.016676715533025743,
                -0.0020051660744488057,
                -5.0761246166009076e-05,
                -0.0009021021243747318,
                -0.002092249038439811,
                -0.0005375085987284746,
                -0.0009703313044503854,
                -0.0005914839358422291,
                -7.259341262972104e-05,
                -0.0017370013965710331,
                -0.00032838857508837686,
                -4.875153861215939e-05,
                -0.0010713949066942928,
                -0.001680270742600623,
                -9.500653966885941e-05,
                -0.0010317457650929182,
                -0.00015413565881011322
            ],
            [
                -1.0303112617242774e-05,
                1.833032618583125e-05,
                -3.353168029284475e-05,
                0.00010194424559694999,
                0.001173188690572322,
                -0.0020051660744488057,
                0.011280555899472498,
                -0.003107340087520639,
                -0.0007861446211413745,
                -0.00035272698671353156,
                -0.00031850295840832446,
                -0.00013426783625105702,
                -0.0007685227092114352,
                -0.00019655199795432052,
                0.0008914350499145699,
                -0.00044071495372310145,
                -0.0007778341457030955,
                0.0015126938841412713,
                -0.0004137988283117697,
                -0.00010505447983365144,
                -0.001898948992092782,
                0.00027026718159731106
            ],
            [
                3.3143393778517014e-05,
                -7.235412068570777e-05,
                -2.9476044359554618e-05,
                0.00025240261394170665,
                -0.00022075169812613534,
                -5.0761246166009076e-05,
                -0.003107340087520639,
                0.007928892644795538,
                -0.001959421027471759,
                -6.317121353561056e-05,
                -0.0007477616995831552,
                -0.0004991791211684094,
                -3.6705659376385905e-05,
                -0.00018517196411844074,
                -0.0005917939729221089,
                -0.0006259540266412162,
                0.00014688467946358935,
                -0.0002738440175558147,
                -0.002115332454779321,
                -0.0009269630264560543,
                -7.306336304135029e-05,
                -0.0013696919407085013
            ],
            [
                -2.5562269112333055e-05,
                1.408640873233483e-05,
                -4.047173333104248e-05,
                -0.0003716698708843821,
                0.0003229581061181089,
                -0.0009021021243747318,
                -0.0007861446211413745,
                -0.001959421027471759,
                0.010056104882762557,
                0.00017143883909115034,
                -0.0005918084826127218,
                -0.000383995362907929,
                -0.0004495085461711329,
                -0.00042262816898711047,
                -0.00451288231961663,
                0.000474282647385349,
                -0.0006490713489834833,
                0.00046603055576766386,
                0.0018692662305188662,
                -0.00039350027981789224,
                0.0005388932052884496,
                0.0013519120357457352
            ],
            [
                2.4784905848963926e-05,
                -2.6392003847877936e-05,
                -0.0001612869473863053,
                0.00031429198993737824,
                0.0003538810985047107,
                -0.002092249038439811,
                -0.00035272698671353156,
                -6.317121353561056e-05,
                0.00017143883909115034,
                0.030510379462069526,
                -0.0005387152337180832,
                0.00013226284112257078,
                0.0004976493720223038,
                0.00031604730421236506,
                -0.0024637936621060936,
                -0.0009354425803568051,
                -0.0007091077012746883,
                0.0016273355339834822,
                -0.0005872304894909551,
                0.00010735626680184203,
                -0.00046046041294906664,
                -0.0013420095540260073
            ],
            [
                -1.7577202656491812e-05,
                1.7220618228533472e-05,
                9.294738171515236e-07,
                4.55934074706611e-05,
                -0.0001233745783624333,
                -0.0005375085987284746,
                -0.00031850295840832446,
                -0.0007477616995831552,
                -0.0005918084826127218,
                -0.0005387152337180832,
                0.004525739745470595,
                -0.0005434879764882065,
                -0.0001759909776601217,
                0.00011358893970774426,
                0.00019643960248807486,
                -0.0002813742454647317,
                -0.00015571455082656607,
                -0.0007313489031130983,
                2.8755238883535652e-05,
                -0.00015014170568231714,
                -0.00022891440399387772,
                -0.000244713880678618
            ],
            [
                6.367871600911063e-05,
                -7.702372576462996e-05,
                5.705954455594077e-05,
                -0.0013443098556490665,
                0.00035304271206663235,
                -0.0009703313044503854,
                -0.00013426783625105702,
                -0.0004991791211684094,
                -0.000383995362907929,
                0.00013226284112257078,
                -0.0005434879764882065,
                0.014220805936765883,
                -5.2326771606566835e-05,
                -0.00012435731223098062,
                -0.0001125561013613881,
                -0.00022836279181448683,
                -0.0006319389871714146,
                0.0003873722657868553,
                0.0007981904418877939,
                2.0965412482738504e-05,
                -0.00018157604205026862,
                -0.0027658332255339722
            ],
            [
                -8.150655820258676e-06,
                -2.5919442053269946e-05,
                4.842795923170531e-05,
                0.00025431368484213964,
                0.00038032198371962435,
                -0.0005914839358422291,
                -0.0007685227092114352,
                -3.6705659376385905e-05,
                -0.0004495085461711329,
                0.0004976493720223038,
                -0.0001759909776601217,
                -5.2326771606566835e-05,
                0.03185967931788642,
                -0.0004667484581589333,
                -0.0005943724419332619,
                0.0005901436601252793,
                -0.001026799521742411,
                0.001965330628337463,
                -0.002634935964354432,
                -0.0006500256979951872,
                0.00038838460415367866,
                0.00025371819092779755
            ],
            [
                -2.4298599065317565e-05,
                2.9780127670538532e-05,
                2.63304363679047e-06,
                2.4714543253886613e-06,
                7.610925191994522e-05,
                -7.259341262972104e-05,
                -0.00019655199795432052,
                -0.00018517196411844074,
                -0.00042262816898711047,
                0.00031604730421236506,
                0.00011358893970774426,
                -0.00012435731223098062,
                -0.0004667484581589333,
                0.005980903234116147,
                0.00017528468764306442,
                -0.004272634232360742,
                -7.346155734409304e-05,
                -0.0006354457154683574,
                0.0004227775945635493,
                0.0003028468663507465,
                -0.0005384484636489762,
                -0.00025387389745950076
            ],
            [
                6.244705074557959e-06,
                -7.762514471803292e-06,
                8.218981926206599e-05,
                -6.484929915363892e-05,
                -0.00024473961314382483,
                -0.0017370013965710331,
                0.0008914350499145699,
                -0.0005917939729221089,
                -0.00451288231961663,
                -0.0024637936621060936,
                0.00019643960248807486,
                -0.0001125561013613881,
                -0.0005943724419332619,
                0.00017528468764306442,
                0.05647621614576186,
                -0.0007684572741021524,
                4.26521638054765e-05,
                -0.0009109870615008236,
                -0.002445166595983836,
                -0.0006455037704054839,
                0.0014272037544317152,
                -0.0005072650267646633
            ],
            [
                -1.365968269844385e-05,
                4.716235939357448e-06,
                -8.039573413374419e-06,
                5.6943465623184405e-05,
                0.00013212250705918566,
                -0.00032838857508837686,
                -0.00044071495372310145,
                -0.0006259540266412162,
                0.000474282647385349,
                -0.0009354425803568051,
                -0.0002813742454647317,
                -0.00022836279181448683,
                0.0005901436601252793,
                -0.004272634232360742,
                -0.0007684572741021524,
                0.010878128592446462,
                4.148871674155288e-05,
                0.0010628289602433235,
                -3.8597047419358957e-05,
                -0.003029521553123922,
                3.990796174948593e-05,
                0.00105633182404857
            ],
            [
                -3.1272470674512706e-05,
                3.829144722661824e-05,
                -8.377756834520097e-05,
                -0.00010644346099385626,
                -0.011222758889945133,
                -4.875153861215939e-05,
                -0.0007778341457030955,
                0.00014688467946358935,
                -0.0006490713489834833,
                -0.0007091077012746883,
                -0.00015571455082656607,
                -0.0006319389871714146,
                -0.001026799521742411,
                -7.346155734409304e-05,
                4.26521638054765e-05,
                4.148871674155288e-05,
                0.013259183971143439,
                -0.00781744843592097,
                -0.001990306067848542,
                -4.4817656415653205e-05,
                0.00022262382460213676,
                0.0007961648844591436
            ],
            [
                1.4550107205289786e-05,
                -4.016683323285913e-05,
                6.977664126231478e-05,
                -0.00034125549579260483,
                0.0017785860015524571,
                -0.0010713949066942928,
                0.0015126938841412713,
                -0.0002738440175558147,
                0.00046603055576766386,
                0.0016273355339834822,
                -0.0007313489031130983,
                0.0003873722657868553,
                0.001965330628337463,
                -0.0006354457154683574,
                -0.0009109870615008236,
                0.0010628289602433235,
                -0.00781744843592097,
                0.05815428029426082,
                -0.00262702115972642,
                -0.00027315860961013366,
                -0.0027188642810406774,
                -0.00018456796338542437
            ],
            [
                -3.6071011830524395e-05,
                4.05594199356054e-05,
                0.0001710563455291255,
                0.0007037639202710707,
                0.0010053841688508337,
                -0.001680270742600623,
                -0.0004137988283117697,
                -0.002115332454779321,
                0.0018692662305188662,
                -0.0005872304894909551,
                2.8755238883535652e-05,
                0.0007981904418877939,
                -0.002634935964354432,
                0.0004227775945635493,
                -0.002445166595983836,
                -3.8597047419358957e-05,
                -0.001990306067848542,
                -0.00262702115972642,
                0.20678592263761847,
                -0.0016261481109199397,
                0.0025005119010838802,
                0.0006839584710541355
            ],
            [
                -2.0943315133633817e-05,
                2.1945050429844058e-05,
                -0.00011506885573085071,
                0.00011108551103085736,
                -2.6660592887364355e-05,
                -9.500653966885941e-05,
                -0.00010505447983365144,
                -0.0009269630264560543,
                -0.00039350027981789224,
                0.00010735626680184203,
                -0.00015014170568231714,
                2.0965412482738504e-05,
                -0.0006500256979951872,
                0.0003028468663507465,
                -0.0006455037704054839,
                -0.003029521553123922,
                -4.4817656415653205e-05,
                -0.00027315860961013366,
                -0.0016261481109199397,
                0.010370927420286913,
                -0.004702847421891798,
                0.000675086132519663
            ],
            [
                -1.1030695400240763e-05,
                8.26254020728034e-06,
                1.4846531990000493e-05,
                0.0006751882874119332,
                -0.000559987664293382,
                -0.0010317457650929182,
                -0.001898948992092782,
                -7.306336304135029e-05,
                0.0005388932052884496,
                -0.00046046041294906664,
                -0.00022891440399387772,
                -0.00018157604205026862,
                0.00038838460415367866,
                -0.0005384484636489762,
                0.0014272037544317152,
                3.990796174948593e-05,
                0.00022262382460213676,
                -0.0027188642810406774,
                0.0025005119010838802,
                -0.004702847421891798,
                0.03939989218802541,
                0.00036633801662832905
            ],
            [
                -0.008238490269622712,
                0.009567193152032664,
                -0.0017721466966396865,
                0.0004537134606691748,
                -3.357043453584626e-05,
                -0.00015413565881011322,
                0.00027026718159731106,
                -0.0013696919407085013,
                0.0013519120357457352,
                -0.0013420095540260073,
                -0.000244713880678618,
                -0.0027658332255339722,
                0.00025371819092779755,
                -0.00025387389745950076,
                -0.0005072650267646633,
                0.00105633182404857,
                0.0007961648844591436,
                -0.00018456796338542437,
                0.0006839584710541355,
                0.000675086132519663,
                0.00036633801662832905,
                0.35801498119062986
            ]
        ]
    },
    "E1T0": {
        "B": [
            [
                0.05021955731656632
            ],
            [
                -0.04576444064992851
            ],
            [
                -0.018186175697274706
            ],
            [
                0.19234101791685665
            ],
            [
                0.9357930240532455
            ],
            [
                0.3587674694071449
            ],
            [
                0.21601675438483575
            ],
            [
                -0.0641513361544631
            ],
            [
                0.01778854446534687
            ],
            [
                0.6974166847030864
            ],
            [
                -0.04308590556889671
            ],
            [
                -0.16688370822470142
            ],
            [
                -0.17900753731937352
            ],
            [
                0.12334726188002988
            ],
            [
                0.13783381293241972
            ],
            [
                -0.1167356375690738
            ],
            [
                -0.10621617711627555
            ],
            [
                0.5285663930840611
            ],
            [
                0.0
            ],
            [
                -0.2962588932874162
            ],
            [
                0.818330361247025
            ],
            [
                -3.67336291298919
            ]
        ],
        "V": [
            [
                0.00021849754670967043,
                -0.0002664059559624859,
                6.999153040811112e-05,
                1.9437182223020565e-05,
                4.177068276604504e-05,
                2.8845756619290793e-05,
                -1.1848421571947557e-05,
                -6.196194468301295e-05,
                1.6254072977202403e-05,
                7.906389208156388e-08,
                -1.2132981864917006e-05,
                -9.751304126460558e-05,
                -4.00664447618776e-05,
                -4.196472851158927e-05,
                -0.00027969673439384355,
                -1.910382637314306e-05,
                -1.2807708806888232e-05,
                6.658098759708853e-05,
                0.0,
                1.3403593626140208e-05,
                4.883655033647292e-05,
                -0.009297878633026172
            ],
            [
                -0.0002664059559624859,
                0.0003697607114315425,
                -0.00016711542783271724,
                -1.4280269160586118e-05,
                -0.0001367499181407622,
                -8.839581959504467e-05,
                3.2997119974038295e-05,
                2.8411609873436213e-05,
                -8.195098511205065e-05,
                -1.15494758672638e-06,
                -5.056091140783514e-05,
                0.0002051657130351274,
                4.1904266358421075e-05,
                3.31959986248713e-05,
                0.00026197613253080374,
                -1.0393738986064704e-05,
                -6.155332321093565e-05,
                1.0191295590439601e-05,
                0.0,
                -9.319435040746542e-05,
                -1.7223034265361403e-05,
                0.01088963022002615
            ],
            [
                6.999153040811112e-05,
                -0.00016711542783271724,
                0.0003049647899528984,
                5.871654077584333e-06,
                7.757598285081568e-05,
                0.00015328436713135484,
                -0.00014716036893323056,
                -6.717697640572023e-05,
                5.413862946420143e-05,
                -0.00032823615529569355,
                5.5449267908680175e-05,
                -0.00032313367539077133,
                -0.00018180979571101393,
                -4.9740756757972274e-05,
                0.00025896270451287865,
                4.2097728647272144e-05,
                -2.552643197215424e-05,
                -0.0001405463815379716,
                0.0,
                -6.994688581747068e-05,
                -5.133581195810924e-05,
                -0.0023162740853812443
            ],
            [
                1.9437182223020565e-05,
                -1.4280269160586118e-05,
                5.871654077584333e-06,
                0.007534290110769074,
                0.0020196548692797108,
                0.0010353115791238788,
                0.0002498916444024512,
                0.0006800753038865698,
                -0.00012526110125785772,
                -8.521966208564904e-05,
                -0.0006681460414314393,
                -0.001323161803158081,
                -0.0007022821028334728,
                0.00029431365417981664,
                -0.0010782192259467332,
                0.00046444306627253524,
                -0.0006647295442003733,
                0.001216295223128338,
                0.0,
                -0.00016732631276319612,
                -0.0006210769965972444,
                -0.0035597488674203237
            ],
            [
                4.177068276604504e-05,
                -0.0001367499181407622,
                7.757598285081568e-05,
                0.0020196548692797108,
                0.15060782110325935,
                0.0024954350284721715,
                -0.0017177597509015644,
                0.002153780524737429,
                -0.002119568603951844,
                0.0022738415686500914,
                0.0013441336824624203,
                -0.003756070245395509,
                0.00045188809213656233,
                0.0007203188588032066,
                -0.006209935640405776,
                -0.0006700180216145937,
                -0.023949684204742906,
                -0.003863709237733398,
                0.0,
                -0.003382324402790924,
                0.004781377231508591,
                -0.0017046854553460218
            ],
            [
                2.8845756619290793e-05,
                -8.839581959504467e-05,
                0.00015328436713135484,
                0.0010353115791238788,
                0.0024954350284721715,
                0.04115042846974787,
                -0.0065496093993675395,
                -0.0010732626336600792,
                -0.0025982719611176274,
                0.0024470649285523046,
                -0.0005891316117391346,
                0.0003082212895124688,
                -0.0012522019745762154,
                -1.2848944664683835e-05,
                -0.0012232002835525044,
                -0.0012878812930660025,
                -0.0016814360190166436,
                -0.0008926898059494506,
                0.0,
                -0.0018041523176619994,
                0.0027691769278248624,
                -0.0015612749397273464
            ],
            [
                -1.1848421571947557e-05,
                3.2997119974038295e-05,
                -0.00014716036893323056,
                0.0002498916444024512,
                -0.0017177597509015644,
                -0.0065496093993675395,
                0.025175975319232363,
                -0.007193651383315093,
                0.0003205332903156711,
                -0.0009071396457426669,
                -0.0015456119606748323,
                -0.0003994305576638299,
                -0.0022168615723196852,
                -0.0007993082239265366,
                -0.003678264268394512,
                -0.00031104724209252084,
                -1.467800557745251e-05,
                -0.0015435039110159147,
                0.0,
                -0.0011616214014184452,
                -0.0019170557202170797,
                0.00029687843520615463
            ],
            [
                -6.196194468301295e-05,
                2.8411609873436213e-05,
                -6.717697640572023e-05,
                0.0006800753038865698,
                0.002153780524737429,
                -0.0010732626336600792,
                -0.007193651383315093,
                0.017270474390104977,
                -0.003934893356466199,
                -0.0010391450936564682,
                -0.0008828126392167365,
                -0.0006995464658181487,
                0.000416405950339442,
                -0.000369541269613362,
                0.0041813531628484115,
                -0.0010816971454168157,
                -0.0005703697374018744,
                0.0010626159010329527,
                0.0,
                -0.0016871111701933024,
                -0.0016087871709841272,
                0.0021834975021449506
            ],
            [
                1.6254072977202403e-05,
                -8.195098511205065e-05,
                5.413862946420143e-05,
                -0.00012526110125785772,
                -0.002119568603951844,
                -0.0025982719611176274,
                0.0003205332903156711,
                -0.003934893356466199,
                0.023552337899734127,
                -0.005109066869990861,
                -0.000692170245252861,
                -0.00020815232234350407,
                -0.00018321056480784093,
                0.00036971137251653904,
                -0.012977405674696707,
                -0.0004150696695793232,
                0.0012656971026441953,
                -0.0012537885918354544,
                0.0,
                -0.0007153904289012978,
                -0.0032842743623982215,
                -0.0007979785499137158
            ],
            [
                7.906389208156388e-08,
                -1.15494758672638e-06,
                -0.00032823615529569355,
                -8.521966208564904e-05,
                0.0022738415686500914,
                0.0024470649285523046,
                -0.0009071396457426669,
                -0.0010391450936564682,
                -0.005109066869990861,
                0.05485491969364917,
                -0.0016202594859221673,
                -0.0025644882141682584,
                -0.0022538346749747295,
                5.164850359190216e-05,
                -0.0014198048863845885,
                -0.0020138429054984528,
                0.0008222129026930317,
                0.001880881667174671,
                0.0,
                -0.0005114155794956636,
                0.003709072078213015,
                3.4472059581097886e-05
            ],
            [
                -1.2132981864917006e-05,
                -5.056091140783514e-05,
                5.5449267908680175e-05,
                -0.0006681460414314393,
                0.0013441336824624203,
                -0.0005891316117391346,
                -0.0015456119606748323,
                -0.0008828126392167365,
                -0.000692170245252861,
                -0.0016202594859221673,
                0.00960374710483266,
                -0.001010476679720302,
                -0.00011365733628247458,
                -0.0003287059436852006,
                -0.0004647763386367902,
                -0.00021752794069299514,
                3.236476495448162e-05,
                -0.0014547400647218118,
                0.0,
                -0.00033135948183013415,
                -0.0004332390526175839,
                -0.00022347586820149312
            ],
            [
                -9.751304126460558e-05,
                0.0002051657130351274,
                -0.00032313367539077133,
                -0.001323161803158081,
                -0.003756070245395509,
                0.0003082212895124688,
                -0.0003994305576638299,
                -0.0006995464658181487,
                -0.00020815232234350407,
                -0.0025644882141682584,
                -0.001010476679720302,
                0.05272066846295509,
                -0.0006911240900847982,
                0.0008895582046446445,
                -0.00042371103474507006,
                -0.0005119358918409795,
                -0.00019368805186443182,
                0.0017742714810866484,
                0.0,
                0.00036973779809892004,
                -0.0020831791983351913,
                0.0025849859401136078
            ],
            [
                -4.00664447618776e-05,
                4.1904266358421075e-05,
                -0.00018180979571101393,
                -0.0007022821028334728,
                0.00045188809213656233,
                -0.0012522019745762154,
                -0.0022168615723196852,
                0.000416405950339442,
                -0.00018321056480784093,
                -0.0022538346749747295,
                -0.00011365733628247458,
                -0.0006911240900847982,
                0.07278332775159048,
                -0.000739203150118965,
                0.004373519987683728,
                0.0005944257660739647,
                0.0008156355140548497,
                0.002253515085676665,
                0.0,
                0.0005525494977277956,
                -0.0015619032228796081,
                0.0010143346537248917
            ],
            [
                -4.196472851158927e-05,
                3.31959986248713e-05,
                -4.9740756757972274e-05,
                0.00029431365417981664,
                0.0007203188588032066,
                -1.2848944664683835e-05,
                -0.0007993082239265366,
                -0.000369541269613362,
                0.00036971137251653904,
                5.164850359190216e-05,
                -0.0003287059436852006,
                0.0008895582046446445,
                -0.000739203150118965,
                0.011003454929357165,
                -0.00045138365794726977,
                -0.0071244844190641934,
                -0.0005383396776756528,
                0.0014741306599177111,
                0.0,
                -0.0005018174280164571,
                -0.000668774710406896,
                3.375970242519631e-05
            ],
            [
                -0.00027969673439384355,
                0.00026197613253080374,
                0.00025896270451287865,
                -0.0010782192259467332,
                -0.006209935640405776,
                -0.0012232002835525044,
                -0.003678264268394512,
                0.0041813531628484115,
                -0.012977405674696707,
                -0.0014198048863845885,
                -0.0004647763386367902,
                -0.00042371103474507006,
                0.004373519987683728,
                -0.00045138365794726977,
                0.2160341681088125,
                0.0019954114830848866,
                -0.0005289044352069727,
                0.0026647455625374333,
                0.0,
                0.0005596442038944256,
                -0.006472835656994143,
                0.012142782019512511
            ],
            [
                -1.910382637314306e-05,
                -1.0393738986064704e-05,
                4.2097728647272144e-05,
                0.00046444306627253524,
                -0.0006700180216145937,
                -0.0012878812930660025,
                -0.00031104724209252084,
                -0.0010816971454168157,
                -0.0004150696695793232,
                -0.0020138429054984528,
                -0.00021752794069299514,
                -0.0005119358918409795,
                0.0005944257660739647,
                -0.0071244844190641934,
                0.0019954114830848866,
                0.025930106174916867,
                -0.00031042332994093416,
                -0.001960770033753182,
                0.0,
                -0.006074349192837846,
                -0.0008119764933492146,
                0.0012899803662878321
            ],
            [
                -1.2807708806888232e-05,
                -6.155332321093565e-05,
                -2.552643197215424e-05,
                -0.0006647295442003733,
                -0.023949684204742906,
                -0.0016814360190166436,
                -1.467800557745251e-05,
                -0.0005703697374018744,
                0.0012656971026441953,
                0.0008222129026930317,
                3.236476495448162e-05,
                -0.00019368805186443182,
                0.0008156355140548497,
                -0.0005383396776756528,
                -0.0005289044352069727,
                -0.00031042332994093416,
                0.02919338991687026,
                -0.01886516941632302,
                0.0,
                0.00046910613996559055,
                -0.0004997463495696268,
                0.00030549496757990965
            ],
            [
                6.658098759708853e-05,
                1.0191295590439601e-05,
                -0.0001405463815379716,
                0.001216295223128338,
                -0.003863709237733398,
                -0.0008926898059494506,
                -0.0015435039110159147,
                0.0010626159010329527,
                -0.0012537885918354544,
                0.001880881667174671,
                -0.0014547400647218118,
                0.0017742714810866484,
                0.002253515085676665,
                0.0014741306599177111,
                0.0026647455625374333,
                -0.001960770033753182,
                -0.01886516941632302,
                0.14529426770328077,
                0.0,
                -0.0003437535135346494,
                0.0026305913815551966,
                -0.004486575578058217
            ],
            [
                0.0,
                0.0,
                0.0,
                0.0,
                0.0,
                0.0,
                0.0,
                0.0,
